833.612 833.612 833.612 833.612 833.612 833.612 833.612 833.612 833.612 833.612 833.612 833.612 833.612 833.612 833.612 833.612 833.612 833.612 833.612 833.612 833.612 833.612 833.612 833.612 833.612 833.612 833.612 833.612 833.612 833.612 833.612 833.612 833.612 833.612 833.612 833.612 833.612 833.612 833.612 833.612 833.612
833.612 833.612 833.612 833.612 833.612 833.612 833.612 833.612 833.612 833.612 833.612 833.612 833.612 833.612 833.612 833.612 833.612 833.612 833.612 833.612 833.612 833.612 833.612 833.612 833.612 833.612 833.612 833.612 833.612 833.612 833.612 833.612 833.612 833.612 833.612 833.612 833.612 833.612 833.612 833.612 833.612
833.612 833.612 833.612 833.612 833.612 833.612 833.612 833.612 833.612 833.612 833.612 833.612 833.612 833.612 833.612 833.612 833.612 833.612 833.612 833.612 833.612 833.612 833.612 833.612 833.612 833.612 833.612 833.612 833.612 833.612 833.612 833.612 833.612 833.612 833.612 833.612 833.612 833.612 833.612 833.612 833.612
833.612 833.612 833.612 833.612 833.612 833.612 833.612 833.612 833.612 833.612 833.612 833.612 833.612 833.612 833.612 833.612 833.612 833.612 833.612 833.612 833.612 833.612 833.612 833.612 833.612 833.612 833.612 833.612 833.612 833.612 833.612 833.612 833.612 833.612 833.612 833.612 833.612 833.612 833.612 833.612 833.612
833.612 833.612 833.612 833.612 833.612 833.612 833.612 833.612 833.612 833.612 833.612 833.612 833.612 833.612 833.612 833.612 833.612 833.612 833.612 833.612 833.612 833.612 833.612 833.612 833.612 833.612 833.612 833.612 833.612 833.612 833.612 833.612 833.612 833.612 833.612 833.612 833.612 833.612 833.612 833.612 833.612
833.612 833.612 833.612 833.612 833.612 833.612 833.612 833.612 833.612 833.612 833.612 833.612 833.612 833.612 833.612 833.612 833.612 833.612 833.612 833.612 833.612 833.612 833.612 833.612 833.612 833.612 833.612 833.612 833.612 833.612 833.612 833.612 833.612 833.612 833.612 833.612 833.612 833.612 833.612 833.612 833.612
833.612 833.612 833.612 833.612 833.612 833.612 833.612 833.612 833.612 833.612 833.612 833.612 833.612 833.612 833.612 833.612 833.612 833.612 833.612 833.612 833.612 833.612 833.612 833.612 833.612 833.612 833.612 833.612 833.612 833.612 833.612 833.612 833.612 833.612 833.612 833.612 833.612 833.612 833.612 833.612 833.612
833.612 833.612 833.612 833.612 833.612 833.612 833.612 833.612 833.612 833.612 833.612 833.612 833.612 833.612 833.612 833.612 833.612 833.612 833.612 833.612 833.612 833.612 833.612 833.612 833.612 833.612 833.612 833.612 833.612 833.612 833.612 833.612 833.612 833.612 833.612 833.612 833.612 833.612 833.612 833.612 833.612
833.612 833.612 833.612 833.612 833.612 833.612 833.612 833.612 833.612 833.612 833.612 833.612 833.612 833.612 833.612 833.612 833.612 833.612 833.612 833.612 833.612 833.612 833.612 833.612 833.612 833.612 833.612 833.612 833.612 833.612 833.612 833.612 833.612 833.612 833.612 833.612 833.612 833.612 833.612 833.612 833.612
833.612 833.612 833.612 833.612 833.612 833.612 833.612 833.612 833.612 833.612 833.612 833.612 833.612 833.612 833.612 833.612 833.612 833.612 833.612 833.612 833.612 833.612 833.612 833.612 833.612 833.612 833.612 833.612 833.612 833.612 833.612 833.612 833.612 833.612 833.612 833.612 833.612 833.612 833.612 833.612 833.612
833.612 833.612 833.612 833.612 833.612 833.612 833.612 833.612 833.612 833.612 833.612 833.612 833.612 833.612 833.612 833.612 833.612 833.612 833.612 833.612 833.612 833.612 833.612 833.612 833.612 833.612 833.612 833.612 833.612 833.612 833.612 833.612 833.612 833.612 833.612 833.612 833.612 833.612 833.612 833.612 833.612
833.612 833.612 833.612 833.612 833.612 833.612 833.612 833.612 833.612 833.612 833.612 833.612 833.612 833.612 833.612 833.612 833.612 833.612 833.612 833.612 833.612 833.612 833.612 833.612 833.612 833.612 833.612 833.612 833.612 833.612 833.612 833.612 833.612 833.612 833.612 833.612 833.612 833.612 833.612 833.612 833.612
833.612 833.612 833.612 833.612 833.612 833.612 833.612 833.612 833.612 833.612 833.612 833.612 833.612 833.612 833.612 833.612 833.612 833.612 833.612 833.612 833.612 833.612 833.612 833.612 833.612 833.612 833.612 833.612 833.612 833.612 833.612 833.612 833.612 833.612 833.612 833.612 833.612 833.612 833.612 833.612 833.612
833.612 833.612 833.612 833.612 833.612 833.612 833.612 833.612 833.612 833.612 833.612 833.612 833.612 833.612 833.612 833.612 833.612 833.612 833.612 833.612 833.612 833.612 833.612 833.612 833.612 833.612 833.612 833.612 833.612 833.612 833.612 833.612 833.612 833.612 833.612 833.612 833.612 833.612 833.612 833.612 833.612
833.612 833.612 833.612 833.612 833.612 833.612 833.612 833.612 833.612 833.612 833.612 833.612 833.612 833.612 833.612 833.612 833.612 833.612 833.612 833.612 833.612 833.612 833.612 833.612 833.612 833.612 833.612 833.612 833.612 833.612 833.612 833.612 833.612 833.612 833.612 833.612 833.612 833.612 833.612 833.612 833.612
699.25 833.612 833.612 833.612 833.612 833.612 833.612 833.612 833.612 833.612 833.612 833.612 833.612 833.612 833.612 833.612 833.612 833.612 833.612 833.612 833.612 833.612 833.612 833.612 833.612 833.612 833.612 833.612 833.612 833.612 833.612 833.612 833.612 833.612 833.612 833.612 833.612 833.612 833.612 833.612 833.612
712.09 786.516 832.391 833.612 833.612 833.612 833.612 833.612 833.612 833.612 833.612 833.612 833.612 833.612 833.612 833.612 833.612 833.612 833.612 833.612 833.612 833.612 833.612 833.612 833.612 833.612 833.612 833.612 833.612 833.612 833.612 833.612 833.612 833.612 833.612 833.612 833.612 833.612 833.612 833.612 833.612
717.972 756.389 817.905 833.088 833.612 833.612 833.612 833.612 833.612 833.612 833.612 833.612 833.612 833.612 833.612 833.612 833.612 833.612 833.612 833.612 833.612 833.612 833.612 833.612 833.612 833.612 833.612 833.612 833.612 833.612 833.612 833.612 833.612 833.612 833.612 833.612 833.612 833.612 833.612 833.612 833.612
721.106 733.144 798.35 827.949 833.419 833.612 833.612 833.612 833.612 833.612 833.612 833.612 833.612 833.612 833.612 833.612 833.612 833.612 833.612 833.612 833.612 833.612 833.612 833.612 833.612 833.612 833.612 833.612 833.612 833.612 833.612 833.612 833.612 833.612 833.612 833.612 833.612 833.612 833.612 833.612 833.612
722.787 716.674 777.283 817.93 831.518 833.544 833.612 833.612 833.612 833.612 833.612 833.612 833.612 833.612 833.612 833.612 833.612 833.612 833.612 833.612 833.612 833.612 833.612 833.612 833.612 833.612 833.612 833.612 833.612 833.612 833.612 833.612 833.612 833.612 833.612 833.612 833.612 833.612 833.612 833.612 833.612
723.695 705.608 756.955 804.153 826.741 832.84 833.589 833.612 833.612 833.612 833.612 833.612 833.612 833.612 833.612 833.612 833.612 833.612 833.612 833.612 833.612 833.612 833.612 833.612 833.612 833.612 833.612 833.612 833.612 833.612 833.612 833.612 833.612 833.612 833.612 833.612 833.612 833.612 833.612 833.612 833.612
724.164 698.457 738.65 788.083 818.733 830.685 833.331 833.604 833.612 833.612 833.612 833.612 833.612 833.612 833.612 833.612 833.612 833.612 833.612 833.612 833.612 833.612 833.612 833.612 833.612 833.612 833.612 833.612 833.612 833.612 833.612 833.612 833.612 833.612 833.612 833.612 833.612 833.612 833.612 833.612 833.612
724.359 694.13 723.264 771.091 807.825 826.401 832.399 833.511 833.61 833.612 833.612 833.612 833.612 833.612 833.612 833.612 833.612 833.612 833.612 833.612 833.612 833.612 833.612 833.612 833.612 833.612 833.612 833.612 833.612 833.612 833.612 833.612 833.612 833.612 833.612 833.612 833.612 833.612 833.612 833.612 833.612
724.375 691.858 711.087 754.36 794.727 819.687 830.249 833.122 833.576 833.611 833.612 833.612 833.612 833.612 833.612 833.612 833.612 833.612 833.612 833.612 833.612 833.612 833.612 833.612 833.612 833.612 833.612 833.612 833.612 833.612 833.612 833.612 833.612 833.612 833.612 833.612 833.612 833.612 833.612 833.612 833.612
724.277 691.058 702.011 738.789 780.29 810.633 826.409 832.099 833.419 833.599 833.612 833.612 833.612 833.612 833.612 833.612 833.612 833.612 833.612 833.612 833.612 833.612 833.612 833.612 833.612 833.612 833.612 833.612 833.612 833.612 833.612 833.612 833.612 833.612 833.612 833.612 833.612 833.612 833.612 833.612 833.612
724.115 691.265 695.725 725.059 765.36 799.624 820.624 830.038 832.953 833.537 833.608 833.612 833.612 833.612 833.612 833.612 833.612 833.612 833.612 833.612 833.612 833.612 833.612 833.612 833.612 833.612 833.612 833.612 833.612 833.612 833.612 833.612 833.612 833.612 833.612 833.612 833.612 833.612 833.612 833.612 833.612
723.93 692.095 691.828 713.549 750.704 787.203 812.889 826.585 831.906 833.333 833.584 833.611 833.612 833.612 833.612 833.612 833.612 833.612 833.612 833.612 833.612 833.612 833.612 833.612 833.612 833.612 833.612 833.612 833.612 833.612 833.612 833.612 833.612 833.612 833.612 833.612 833.612 833.612 833.612 833.612 833.612
723.753 693.287 689.882 704.395 736.953 773.977 803.42 821.517 829.964 832.825 833.497 833.602 833.612 833.612 833.612 833.612 833.612 833.612 833.612 833.612 833.612 833.612 833.612 833.612 833.612 833.612 833.612 833.612 833.612 833.612 833.612 833.612 833.612 833.612 833.612 833.612 833.612 833.612 833.612 833.612 833.612
723.605 694.614 689.449 697.559 724.603 760.538 792.581 814.789 826.844 831.791 833.26 833.566 833.608 833.612 833.612 833.612 833.612 833.612 833.612 833.612 833.612 833.612 833.612 833.612 833.612 833.612 833.612 833.612 833.612 833.612 833.612 833.612 833.612 833.612 833.612 833.612 833.612 833.612 833.612 833.612 833.612
723.499 695.866 690.101 692.876 713.97 747.421 780.813 806.524 822.354 829.976 832.734 833.459 833.594 833.611 833.612 833.612 833.612 833.612 833.612 833.612 833.612 833.612 833.612 833.612 833.612 833.612 833.612 833.612 833.612 833.612 833.612 833.612 833.612 833.612 833.612 833.612 833.612 833.612 833.612 833.612 833.612
723.438 696.917 691.451 690.097 705.225 735.083 768.574 796.97 816.428 827.148 831.732 833.202 833.547 833.605 833.612 833.612 833.612 833.612 833.612 833.612 833.612 833.612 833.612 833.612 833.612 833.612 833.612 833.612 833.612 833.612 833.612 833.612 833.612 833.612 833.612 833.612 833.612 833.612 833.612 833.612 833.612
723.417 697.705 693.165 688.922 698.409 723.881 756.304 786.451 809.131 823.136 830.044 832.674 833.426 833.585 833.609 833.612 833.612 833.612 833.612 833.612 833.612 833.612 833.612 833.612 833.612 833.612 833.612 833.612 833.612 833.612 833.612 833.612 833.612 833.612 833.612 833.612 833.612 833.612 833.612 833.612 833.612
723.428 698.211 694.955 689.023 693.465 714.069 744.398 775.327 800.634 817.868 827.472 831.715 833.159 833.53 833.601 833.611 833.612 833.612 833.612 833.612 833.612 833.612 833.612 833.612 833.612 833.612 833.612 833.612 833.612 833.612 833.612 833.612 833.612 833.612 833.612 833.612 833.612 833.612 833.612 833.612 833.612
723.459 698.451 696.601 690.064 690.256 705.801 733.191 763.956 791.182 811.371 823.866 830.149 832.638 833.399 833.577 833.608 833.612 833.612 833.612 833.612 833.612 833.612 833.612 833.612 833.612 833.612 833.612 833.612 833.612 833.612 833.612 833.612 833.612 833.612 833.612 833.612 833.612 833.612 833.612 833.612 833.612
723.5 698.462 697.964 691.719 688.588 699.148 722.951 752.672 781.058 803.763 819.15 827.805 831.728 833.128 833.515 833.597 833.61 833.612 833.612 833.612 833.612 833.612 833.612 833.612 833.612 833.612 833.612 833.612 833.612 833.612 833.612 833.612 833.612 833.612 833.612 833.612 833.612 833.612 833.612 833.612 833.612
723.542 698.299 698.971 693.69 688.223 694.108 713.876 741.772 770.554 795.23 813.326 824.549 830.277 832.622 833.378 833.569 833.606 833.612 833.612 833.612 833.612 833.612 833.612 833.612 833.612 833.612 833.612 833.612 833.612 833.612 833.612 833.612 833.612 833.612 833.612 833.612 833.612 833.612 833.612 833.612 833.612
723.578 698.029 699.604 695.711 688.896 690.615 706.098 731.509 759.955 785.996 806.476 820.303 828.137 831.764 833.108 833.502 833.593 833.61 833.612 833.612 833.612 833.612 833.612 833.612 833.612 833.612 833.612 833.612 833.612 833.612 833.612 833.612 833.612 833.612 833.612 833.612 833.612 833.612 833.612 833.612 833.612
723.605 697.73 699.884 697.565 690.328 688.553 699.694 722.085 749.518 776.305 798.74 815.055 825.186 830.422 832.622 833.363 833.562 833.604 833.611 833.612 833.612 833.612 833.612 833.612 833.612 833.612 833.612 833.612 833.612 833.612 833.612 833.612 833.612 833.612 833.612 833.612 833.612 833.612 833.612 833.612 833.612
723.621 697.441 699.865 699.105 692.239 687.757 694.684 713.656 739.471 766.394 790.298 808.858 821.348 828.465 831.816 833.098 833.492 833.59 833.609 833.612 833.612 833.612 833.612 833.612 833.612 833.612 833.612 833.612 833.612 833.612 833.612 833.612 833.612 833.612 833.612 833.612 833.612 833.612 833.612 833.612 833.612
723.626 697.192 699.617 700.248 694.369 688.031 691.047 706.334 730.006 756.49 781.352 801.82 816.599 825.783 830.575 832.634 833.353 833.556 833.602 833.611 833.612 833.612 833.612 833.612 833.612 833.612 833.612 833.612 833.612 833.612 833.612 833.612 833.612 833.612 833.612 833.612 833.612 833.612 833.612 833.612 833.612
723.622 696.999 699.219 700.966 696.479 689.148 688.713 700.191 721.282 746.794 772.106 794.085 810.973 822.301 828.784 831.88 833.095 833.485 833.586 833.608 833.612 833.612 833.612 833.612 833.612 833.612 833.612 833.612 833.612 833.612 833.612 833.612 833.612 833.612 833.612 833.612 833.612 833.612 833.612 833.612 833.612
723.611 696.869 698.747 701.278 698.376 690.868 687.576 695.262 713.421 737.483 762.755 785.82 804.55 817.99 826.341 830.734 832.655 833.347 833.551 833.601 833.61 833.612 833.612 833.612 833.612 833.612 833.612 833.612 833.612 833.612 833.612 833.612 833.612 833.612 833.612 833.612 833.612 833.612 833.612 833.612 833.612
723.597 696.802 698.271 701.238 699.925 692.947 687.491 691.548 706.517 728.707 753.478 777.2 797.446 812.866 823.175 829.093 831.952 833.099 833.48 833.584 833.607 833.611 833.612 833.612 833.612 833.612 833.612 833.612 833.612 833.612 833.612 833.612 833.612 833.612 833.612 833.612 833.612 833.612 833.612 833.612 833.612
723.581 696.789 697.847 700.923 701.051 695.154 688.282 689.014 700.636 720.588 744.436 768.397 789.802 806.989 819.25 826.865 830.895 832.684 833.345 833.548 833.599 833.61 833.612 833.612 833.612 833.612 833.612 833.612 833.612 833.612 833.612 833.612 833.612 833.612 833.612 833.612 833.612 833.612 833.612 833.612 833.612
723.567 696.818 697.512 700.421 701.729 697.275 689.752 687.594 695.819 713.225 735.767 759.569 781.768 800.453 814.571 823.979 829.391 832.03 833.109 833.477 833.581 833.606 833.611 833.612 833.612 833.612 833.612 833.612 833.612 833.612 833.612 833.612 833.612 833.612 833.612 833.612 833.612 833.612 833.612 833.612 833.612
723.555 696.879 697.284 699.824 701.981 699.14 691.686 687.187 692.078 706.698 727.588 750.861 773.492 793.375 809.183 820.398 827.355 831.056 832.719 833.346 833.545 833.598 833.61 833.612 833.612 833.612 833.612 833.612 833.612 833.612 833.612 833.612 833.612 833.612 833.612 833.612 833.612 833.612 833.612 833.612 833.612
723.546 696.962 697.168 699.214 701.866 700.628 693.866 687.659 689.405 701.066 719.997 742.399 765.119 785.884 803.159 816.118 824.722 829.677 832.111 833.122 833.476 833.58 833.606 833.611 833.612 833.612 833.612 833.612 833.612 833.612 833.612 833.612 833.612 833.612 833.612 833.612 833.612 833.612 833.612 833.612 833.612
723.541 697.051 697.155 698.663 701.465 701.676 696.084 688.853 687.758 696.37 713.074 734.294 756.777 778.111 796.598 811.168 821.449 827.816 831.214 832.757 833.351 833.544 833.597 833.609 833.612 833.612 833.612 833.612 833.612 833.612 833.612 833.612 833.612 833.612 833.612 833.612 833.612 833.612 833.612 833.612 833.612
723.54 697.132 697.228 698.218 700.871 702.266 698.152 690.585 687.072 692.634 706.887 726.638 748.584 770.185 789.611 805.609 817.527 825.409 829.95 832.195 833.139 833.476 833.579 833.605 833.611 833.612 833.612 833.612 833.612 833.612 833.612 833.612 833.612 833.612 833.612 833.612 833.612 833.612 833.612 833.612 833.612
723.541 697.195 697.361 697.909 700.181 702.427 699.921 692.66 687.247 689.859 701.488 719.511 740.641 762.223 782.313 799.521 812.974 822.414 828.247 831.368 832.799 833.357 833.543 833.596 833.609 833.612 833.612 833.612 833.612 833.612 833.612 833.612 833.612 833.612 833.612 833.612 833.612 833.612 833.612 833.612 833.612
723.544 697.232 697.528 697.743 699.484 702.22 701.291 694.882 688.16 688.029 696.918 712.978 733.035 754.332 774.819 793.001 807.837 818.815 826.046 830.21 832.278 833.158 833.478 833.578 833.605 833.611 833.612 833.612 833.612 833.612 833.612 833.612 833.612 833.612 833.612 833.612 833.612 833.612 833.612 833.612 833.612
723.548 697.242 697.705 697.714 698.855 701.729 702.211 697.063 689.66 687.099 693.205 707.096 725.841 746.606 767.238 786.15 802.184 814.623 823.303 828.652 831.519 832.842 833.365 833.543 833.596 833.609 833.612 833.612 833.612 833.612 833.612 833.612 833.612 833.612 833.612 833.612 833.612 833.612 833.612 833.612 833.612
723.552 697.226 697.869 697.8 698.35 701.052 702.674 699.036 691.578 687.002 690.36 701.913 719.123 739.127 759.666 779.071 796.096 809.872 819.997 826.637 830.457 832.361 833.179 833.481 833.578 833.604 833.611 833.612 833.612 833.612 833.612 833.612 833.612 833.612 833.612 833.612 833.612 833.612 833.612 833.612 833.612
723.555 697.188 698.004 697.97 697.998 700.286 702.716 700.675 693.734 687.642 688.381 697.468 712.937 731.965 752.191 771.862 789.665 804.619 816.134 824.123 829.031 831.664 832.886 833.375 833.545 833.595 833.609 833.611 833.612 833.612 833.612 833.612 833.612 833.612 833.612 833.612 833.612 833.612 833.612 833.612 833.612
723.558 697.136 698.1 698.192 697.811 699.525 702.403 701.897 695.948 688.897 687.242 693.789 707.33 725.18 744.889 764.615 782.981 798.933 811.737 821.086 827.187 830.692 832.443 833.202 833.486 833.578 833.604 833.611 833.612 833.612 833.612 833.612 833.612 833.612 833.612 833.612 833.612 833.612 833.612 833.612 833.612
723.56 697.078 698.154 698.432 697.779 698.846 701.822 702.664 698.049 690.624 686.897 690.896 702.346 718.827 737.827 757.409 776.135 792.895 806.853 817.522 824.882 829.387 831.803 832.93 833.386 833.546 833.595 833.608 833.611 833.612 833.612 833.612 833.612 833.612 833.612 833.612 833.612 833.612 833.612 833.612 833.612
723.56 697.021 698.167 698.659 697.881 698.304 701.072 702.983 699.894 692.664 687.277 688.795 698.021 712.95 731.062 750.318 769.21 786.587 801.542 813.452 822.089 827.699 830.913 832.523 833.225 833.491 833.578 833.604 833.61 833.612 833.612 833.612 833.612 833.612 833.612 833.612 833.612 833.612 833.612 833.612 833.612
723.559 696.967 698.144 698.851 698.082 697.931 700.25 702.897 701.375 694.848 688.284 687.475 694.385 707.593 724.643 743.402 762.283 780.09 795.873 808.909 818.802 825.584 829.72 831.937 832.974 833.397 833.548 833.595 833.608 833.611 833.612 833.612 833.612 833.612 833.612 833.612 833.612 833.612 833.612 833.612 833.612
723.558 696.921 698.096 698.992 698.345 697.739 699.449 702.475 702.428 697.012 689.8 686.908 691.461 702.792 718.615 736.716 755.421 773.483 789.92 803.947 815.032 823.016 828.175 831.123 832.601 833.248 833.496 833.579 833.604 833.61 833.612 833.612 833.612 833.612 833.612 833.612 833.612 833.612 833.612 833.612 833.612
723.556 696.883 698.032 699.076 698.63 697.717 698.745 701.808 703.029 699.002 691.688 687.043 689.26 698.582 713.017 730.307 748.682 766.836 783.759 798.624 810.806 819.983 826.236 830.032 832.064 833.018 833.41 833.551 833.596 833.608 833.611 833.612 833.612 833.612 833.612 833.612 833.612 833.612 833.612 833.612 833.612
723.554 696.855 697.962 699.102 698.903 697.84 698.191 700.993 703.196 700.695 693.794 687.806 687.784 694.993 707.885 724.217 742.118 760.214 777.461 793.009 806.169 816.491 823.874 828.618 831.32 832.675 833.272 833.502 833.58 833.604 833.61 833.612 833.612 833.612 833.612 833.612 833.612 833.612 833.612 833.612 833.612
723.551 696.835 697.896 699.078 699.136 698.073 697.82 700.129 702.979 702.003 695.963 689.101 687.016 692.049 703.253 718.481 735.772 753.671 771.093 787.169 801.173 812.561 821.076 826.84 830.324 832.185 833.06 833.422 833.554 833.596 833.608 833.611 833.612 833.612 833.612 833.612 833.612 833.612 833.612 833.612 833.612
723.549 696.821 697.841 699.016 699.31 698.373 697.638 699.305 702.452 702.876 698.042 690.812 686.923 689.767 699.153 713.133 729.685 747.257 764.714 781.17 795.877 808.228 817.841 824.669 829.03 831.506 832.747 833.295 833.508 833.582 833.604 833.61 833.612 833.612 833.612 833.612 833.612 833.612 833.612 833.612 833.612
723.548 696.813 697.802 698.928 699.416 698.698 697.637 698.593 701.706 703.307 699.897 692.802 687.45 688.155 695.613 708.206 723.89 741.013 758.379 775.076 790.344 803.539 814.185 822.087 827.401 830.596 832.3 833.101 833.434 833.557 833.597 833.608 833.611 833.612 833.612 833.612 833.612 833.612 833.612 833.612 833.612
723.547 696.81 697.781 698.829 699.453 699.01 697.787 698.045 700.84 703.322 701.422 694.928 688.521 687.208 692.659 703.73 718.417 734.977 752.134 768.942 784.634 798.545 810.138 819.092 825.406 829.414 831.68 832.815 833.318 833.515 833.583 833.604 833.61 833.612 833.612 833.612 833.612 833.612 833.612 833.612 833.612
723.546 696.808 697.777 698.732 699.428 699.277 698.05 697.69 699.948 702.978 702.546 697.045 690.038 686.904 690.311 699.734 713.297 729.181 746.019 762.821 778.807 793.305 805.738 815.693 823.025 827.921 830.85 832.408 833.141 833.447 833.56 833.597 833.608 833.611 833.612 833.612 833.612 833.612 833.612 833.612 833.612
723.546 696.804 697.789 698.648 699.353 699.478 698.384 697.532 699.116 702.354 703.237 699.013 691.885 687.206 688.581 696.244 708.557 723.652 740.069 756.757 772.917 787.874 801.032 811.913 820.252 826.089 829.771 831.844 832.88 833.34 833.521 833.585 833.605 833.61 833.612 833.612 833.612 833.612 833.612 833.612 833.612
723.546 696.798 697.814 698.586 699.246 699.601 698.742 697.558 698.413 701.54 703.499 700.714 693.931 688.053 687.472 693.288 704.225 718.419 734.314 750.788 767.012 782.307 796.071 807.786 817.093 823.894 828.404 831.087 832.509 833.179 833.459 833.563 833.598 833.609 833.611 833.612 833.612 833.612 833.612 833.612 833.612
723.546 696.787 697.845 698.548 699.123 699.646 699.084 697.739 697.885 700.633 703.367 702.061 696.039 689.367 686.975 690.886 700.327 713.506 728.782 744.948 761.135 776.656 790.908 803.353 813.564 821.329 826.722 830.102 831.996 832.942 833.361 833.528 833.586 833.605 833.61 833.612 833.612 833.612 833.612 833.612 833.612
723.547 696.772 697.88 698.535 699 699.619 699.377 698.035 697.557 699.726 702.905 702.999 698.073 691.049 687.062 689.054 696.888 708.937 723.496 739.267 755.325 770.967 785.594 798.659 809.695 818.394 824.701 828.853 831.308 832.605 833.215 833.47 833.566 833.599 833.609 833.611 833.612 833.612 833.612 833.612 833.612
723.547 696.752 697.914 698.546 698.891 699.535 699.597 698.399 697.432 698.9 702.193 703.51 699.909 692.984 687.691 687.801 693.935 704.738 718.48 733.769 749.613 765.282 780.177 793.754 805.521 815.102 822.329 827.31 830.41 832.139 832.999 833.382 833.534 833.588 833.605 833.61 833.612 833.612 833.612 833.612 833.612
723.547 696.727 697.944 698.575 698.807 699.412 699.732 698.786 697.493 698.217 701.324 703.608 701.444 695.045 688.798 687.125 691.489 700.932 713.756 728.478 744.028 759.638 774.702 788.684 801.083 811.477 819.604 825.45 829.268 831.513 832.694 833.249 833.482 833.57 833.6 833.609 833.611 833.612 833.612 833.612 833.612
723.547 696.7 697.966 698.617 698.752 699.268 699.781 699.152 697.707 697.721 700.389 703.339 702.608 697.102 690.3 687.011 689.569 697.545 709.345 723.414 738.593 754.065 769.21 783.496 796.425 807.55 816.536 823.258 827.854 830.695 832.271 833.054 833.401 833.54 833.59 833.606 833.611 833.612 833.612 833.612 833.612
723.548 696.671 697.981 698.665 698.729 699.122 699.751 699.463 698.034 697.43 699.48 702.77 703.361 699.03 692.099 687.428 688.187 694.599 705.269 718.596 733.331 748.592 763.736 778.233 791.592 803.356 813.142 820.731 826.144 829.654 831.703 832.777 833.281 833.493 833.573 833.601 833.609 833.611 833.612 833.612 833.612
723.547 696.643 697.987 698.713 698.735 698.992 699.658 699.696 698.426 697.344 698.67 701.983 703.698 700.719 694.079 688.326 687.348 692.118 701.551 714.045 728.26 743.241 758.311 772.933 786.627 798.936 809.448 817.872 824.121 828.359 830.96 832.395 833.105 833.42 833.546 833.591 833.606 833.611 833.612 833.612 833.612
723.548 696.615 697.986 698.756 698.766 698.888 699.52 699.838 698.836 697.442 698.018 701.07 703.643 702.082 696.121 689.64 687.046 690.122 698.214 709.779 723.398 738.034 752.961 767.632 781.572 794.332 805.488 814.697 821.779 826.788 830.01 831.88 832.855 833.311 833.503 833.576 833.601 833.609 833.611 833.612 833.612
723.547 696.589 697.98 698.789 698.814 698.819 699.358 699.888 699.221 697.692 697.561 700.12 703.248 703.063 698.102 691.283 687.259 688.625 695.28 705.819 718.763 732.988 747.71 762.359 776.463 789.584 801.297 811.227 819.119 824.923 828.827 831.204 832.509 833.152 833.437 833.552 833.593 833.607 833.611 833.612 833.612
723.547 696.564 697.97 698.811 698.872 698.786 699.193 699.853 699.545 698.05 697.314 699.219 702.584 703.635 699.906 693.157 687.951 687.637 692.772 702.184 714.371 728.119 742.576 757.14 771.334 784.732 796.914 807.49 816.151 822.755 827.386 830.34 832.043 832.926 833.339 833.513 833.579 833.602 833.609 833.611 833.612
723.546 696.541 697.958 698.822 698.931 698.789 699.044 699.749 699.786 698.467 697.271 698.436 701.735 703.807 701.438 695.149 689.07 687.159 690.709 698.897 710.24 723.443 737.578 751.998 766.216 779.811 792.378 803.52 812.893 820.282 825.668 829.26 831.431 832.614 833.196 833.454 833.557 833.595 833.607 833.611 833.612
723.545 696.52 697.947 698.821 698.985 698.821 698.924 699.597 699.93 698.897 697.41 697.823 700.79 703.61 702.625 697.144 690.544 687.177 689.11 695.977 706.387 718.976 732.731 746.953 761.134 774.856 787.725 799.351 809.371 817.51 823.663 827.939 830.645 832.194 832.993 833.365 833.522 833.582 833.603 833.61 833.612
723.545 696.501 697.937 698.812 699.029 698.875 698.842 699.42 699.976 699.295 697.695 697.411 699.836 703.102 703.426 699.027 692.288 687.668 687.987 693.448 702.832 714.731 728.049 742.021 756.11 769.894 782.99 795.02 805.613 814.456 821.366 826.359 829.66 831.639 832.712 833.237 833.469 833.562 833.596 833.607 833.612
723.545 696.482 697.931 698.796 699.059 698.942 698.802 699.238 699.934 699.627 698.081 697.211 698.953 702.357 703.827 700.694 694.201 688.59 687.345 691.329 699.592 710.725 723.545 737.216 751.163 764.951 778.205 790.561 801.651 811.138 818.781 824.507 828.451 830.926 832.332 833.055 833.39 833.531 833.585 833.604 833.612
723.544 696.465 697.929 698.776 699.074 699.013 698.801 699.073 699.82 699.87 698.521 697.214 698.205 701.459 703.844 702.064 696.176 689.886 687.18 689.639 696.69 706.973 719.232 732.553 746.31 760.05 773.4 786.009 797.519 807.584 815.92 822.377 827 830.029 831.831 832.802 833.275 833.483 833.567 833.597 833.612
723.545 696.447 697.931 698.757 699.074 699.078 698.834 698.939 699.655 700.012 698.966 697.394 697.637 700.494 703.518 703.077 698.101 691.483 687.475 688.393 694.145 703.493 715.124 728.043 741.565 755.209 768.599 781.394 793.251 803.823 812.799 819.969 825.292 828.925 831.185 832.46 833.111 833.412 833.539 833.587 833.612
723.544 696.43 697.936 698.739 699.063 699.133 698.894 698.847 699.463 700.053 699.373 697.713 697.275 699.547 702.911 703.704 699.87 693.292 688.201 687.599 691.978 700.302 711.234 723.697 736.94 750.444 763.824 776.745 788.877 799.885 809.442 817.292 823.319 827.594 830.37 832.008 832.884 833.309 833.497 833.57 833.612
723.544 696.412 697.945 698.726 699.042 699.172 698.969 698.799 699.267 700.002 699.708 698.127 697.125 698.69 702.099 703.942 701.393 695.214 689.312 687.261 690.208 697.419 707.577 719.528 732.446 745.77 759.094 772.086 784.43 795.802 805.874 814.36 821.079 826.022 829.363 831.423 832.577 833.163 833.434 833.544 833.612
723.544 696.393 697.955 698.718 699.016 699.193 699.049 698.795 699.088 699.876 699.95 698.586 697.174 697.982 701.164 703.818 702.598 697.147 690.747 687.368 688.85 694.864 704.168 715.547 728.095 741.198 754.425 767.439 779.936 791.605 802.125 811.192 818.578 824.197 828.144 830.684 832.17 832.96 833.342 833.504 833.612
723.544 696.373 697.966 698.716 698.988 699.196 699.126 698.83 698.942 699.698 700.087 699.042 697.394 697.463 700.191 703.377 703.441 698.983 692.431 687.9 687.918 692.656 701.024 711.766 723.897 736.74 749.831 762.824 775.42 787.322 798.223 807.812 815.826 822.116 826.698 829.767 831.642 832.684 833.212 833.444 833.612
723.544 696.352 697.977 698.719 698.962 699.184 699.191 698.894 698.84 699.492 700.119 699.454 697.747 697.154 699.258 702.685 703.902 700.628 694.275 688.823 687.417 690.814 698.163 708.198 719.861 732.405 745.324 758.256 770.903 782.982 794.198 804.246 812.841 819.782 825.013 828.653 830.972 832.318 833.031 833.357 833.612