665854 665854 665854 665854 665854 665854 665854 665854 665854 665854 665854 665854 665854 665854 665854 665854 665854 665854 665854 665854 665854 665854 665854 665854 665854 665854 665854 665854 665854 665854 665854 665854 665854 665854 665854 665854 665854 665854 665854 665854 665854
665854 665854 665854 665854 665854 665854 665854 665854 665854 665854 665854 665854 665854 665854 665854 665854 665854 665854 665854 665854 665854 665854 665854 665854 665854 665854 665854 665854 665854 665854 665854 665854 665854 665854 665854 665854 665854 665854 665854 665854 665854
665854 665854 665854 665854 665854 665854 665854 665854 665854 665854 665854 665854 665854 665854 665854 665854 665854 665854 665854 665854 665854 665854 665854 665854 665854 665854 665854 665854 665854 665854 665854 665854 665854 665854 665854 665854 665854 665854 665854 665854 665854
665854 665854 665854 665854 665854 665854 665854 665854 665854 665854 665854 665854 665854 665854 665854 665854 665854 665854 665854 665854 665854 665854 665854 665854 665854 665854 665854 665854 665854 665854 665854 665854 665854 665854 665854 665854 665854 665854 665854 665854 665854
665854 665854 665854 665854 665854 665854 665854 665854 665854 665854 665854 665854 665854 665854 665854 665854 665854 665854 665854 665854 665854 665854 665854 665854 665854 665854 665854 665854 665854 665854 665854 665854 665854 665854 665854 665854 665854 665854 665854 665854 665854
665854 665854 665854 665854 665854 665854 665854 665854 665854 665854 665854 665854 665854 665854 665854 665854 665854 665854 665854 665854 665854 665854 665854 665854 665854 665854 665854 665854 665854 665854 665854 665854 665854 665854 665854 665854 665854 665854 665854 665854 665854
665854 665854 665854 665854 665854 665854 665854 665854 665854 665854 665854 665854 665854 665854 665854 665854 665854 665854 665854 665854 665854 665854 665854 665854 665854 665854 665854 665854 665854 665854 665854 665854 665854 665854 665854 665854 665854 665854 665854 665854 665854
665854 665854 665854 665854 665854 665854 665854 665854 665854 665854 665854 665854 665854 665854 665854 665854 665854 665854 665854 665854 665854 665854 665854 665854 665854 665854 665854 665854 665854 665854 665854 665854 665854 665854 665854 665854 665854 665854 665854 665854 665854
665854 665854 665854 665854 665854 665854 665854 665854 665854 665854 665854 665854 665854 665854 665854 665854 665854 665854 665854 665854 665854 665854 665854 665854 665854 665854 665854 665854 665854 665854 665854 665854 665854 665854 665854 665854 665854 665854 665854 665854 665854
665854 665854 665854 665854 665854 665854 665854 665854 665854 665854 665854 665854 665854 665854 665854 665854 665854 665854 665854 665854 665854 665854 665854 665854 665854 665854 665854 665854 665854 665854 665854 665854 665854 665854 665854 665854 665854 665854 665854 665854 665854
665854 665854 665854 665854 665854 665854 665854 665854 665854 665854 665854 665854 665854 665854 665854 665854 665854 665854 665854 665854 665854 665854 665854 665854 665854 665854 665854 665854 665854 665854 665854 665854 665854 665854 665854 665854 665854 665854 665854 665854 665854
665854 665854 665854 665854 665854 665854 665854 665854 665854 665854 665854 665854 665854 665854 665854 665854 665854 665854 665854 665854 665854 665854 665854 665854 665854 665854 665854 665854 665854 665854 665854 665854 665854 665854 665854 665854 665854 665854 665854 665854 665854
665854 665854 665854 665854 665854 665854 665854 665854 665854 665854 665854 665854 665854 665854 665854 665854 665854 665854 665854 665854 665854 665854 665854 665854 665854 665854 665854 665854 665854 665854 665854 665854 665854 665854 665854 665854 665854 665854 665854 665854 665854
665854 665854 665854 665854 665854 665854 665854 665854 665854 665854 665854 665854 665854 665854 665854 665854 665854 665854 665854 665854 665854 665854 665854 665854 665854 665854 665854 665854 665854 665854 665854 665854 665854 665854 665854 665854 665854 665854 665854 665854 665854
665854 665854 665854 665854 665854 665854 665854 665854 665854 665854 665854 665854 665854 665854 665854 665854 665854 665854 665854 665854 665854 665854 665854 665854 665854 665854 665854 665854 665854 665854 665854 665854 665854 665854 665854 665854 665854 665854 665854 665854 665854
570223 665854 665854 665854 665854 665854 665854 665854 665854 665854 665854 665854 665854 665854 665854 665854 665854 665854 665854 665854 665854 665854 665854 665854 665854 665854 665854 665854 665854 665854 665854 665854 665854 665854 665854 665854 665854 665854 665854 665854 665854
582915 631813 665018 665854 665854 665854 665854 665854 665854 665854 665854 665854 665854 665854 665854 665854 665854 665854 665854 665854 665854 665854 665854 665854 665854 665854 665854 665854 665854 665854 665854 665854 665854 665854 665854 665854 665854 665854 665854 665854 665854
588538 610079 654926 665497 665854 665854 665854 665854 665854 665854 665854 665854 665854 665854 665854 665854 665854 665854 665854 665854 665854 665854 665854 665854 665854 665854 665854 665854 665854 665854 665854 665854 665854 665854 665854 665854 665854 665854 665854 665854 665854
591390 593326 641140 661977 665723 665854 665854 665854 665854 665854 665854 665854 665854 665854 665854 665854 665854 665854 665854 665854 665854 665854 665854 665854 665854 665854 665854 665854 665854 665854 665854 665854 665854 665854 665854 665854 665854 665854 665854 665854 665854
592824 581554 626163 655047 664429 665808 665854 665854 665854 665854 665854 665854 665854 665854 665854 665854 665854 665854 665854 665854 665854 665854 665854 665854 665854 665854 665854 665854 665854 665854 665854 665854 665854 665854 665854 665854 665854 665854 665854 665854 665854
593548 573710 611622 645426 661160 665330 665838 665854 665854 665854 665854 665854 665854 665854 665854 665854 665854 665854 665854 665854 665854 665854 665854 665854 665854 665854 665854 665854 665854 665854 665854 665854 665854 665854 665854 665854 665854 665854 665854 665854 665854
593896 568676 598450 634101 655641 663863 665663 665849 665854 665854 665854 665854 665854 665854 665854 665854 665854 665854 665854 665854 665854 665854 665854 665854 665854 665854 665854 665854 665854 665854 665854 665854 665854 665854 665854 665854 665854 665854 665854 665854 665854
594027 565649 587318 622028 648062 660934 665030 665785 665852 665854 665854 665854 665854 665854 665854 665854 665854 665854 665854 665854 665854 665854 665854 665854 665854 665854 665854 665854 665854 665854 665854 665854 665854 665854 665854 665854 665854 665854 665854 665854 665854
594024 564081 578467 610054 638887 656316 663567 665522 665829 665853 665854 665854 665854 665854 665854 665854 665854 665854 665854 665854 665854 665854 665854 665854 665854 665854 665854 665854 665854 665854 665854 665854 665854 665854 665854 665854 665854 665854 665854 665854 665854
593937 563556 571842 598833 628692 650047 660943 664827 665723 665845 665854 665854 665854 665854 665854 665854 665854 665854 665854 665854 665854 665854 665854 665854 665854 665854 665854 665854 665854 665854 665854 665854 665854 665854 665854 665854 665854 665854 665854 665854 665854
593805 563746 567236 588877 618068 642367 656970 663424 665407 665803 665851 665854 665854 665854 665854 665854 665854 665854 665854 665854 665854 665854 665854 665854 665854 665854 665854 665854 665854 665854 665854 665854 665854 665854 665854 665854 665854 665854 665854 665854 665854
593657 564375 564370 580486 607562 633639 651627 661065 664695 665665 665835 665853 665854 665854 665854 665854 665854 665854 665854 665854 665854 665854 665854 665854 665854 665854 665854 665854 665854 665854 665854 665854 665854 665854 665854 665854 665854 665854 665854 665854 665854
593519 565269 562935 573784 597636 624273 645045 657590 663374 665320 665776 665847 665853 665854 665854 665854 665854 665854 665854 665854 665854 665854 665854 665854 665854 665854 665854 665854 665854 665854 665854 665854 665854 665854 665854 665854 665854 665854 665854 665854 665854
593405 566271 562615 568760 588665 614688 637458 652952 661245 664617 665615 665822 665851 665854 665854 665854 665854 665854 665854 665854 665854 665854 665854 665854 665854 665854 665854 665854 665854 665854 665854 665854 665854 665854 665854 665854 665854 665854 665854 665854 665854
593327 567220 563099 565309 580900 605266 629162 647222 658168 663383 665258 665750 665841 665853 665854 665854 665854 665854 665854 665854 665854 665854 665854 665854 665854 665854 665854 665854 665854 665854 665854 665854 665854 665854 665854 665854 665854 665854 665854 665854 665854
593284 568020 564103 563257 574483 596344 620472 640555 654090 661453 664578 665576 665810 665849 665854 665854 665854 665854 665854 665854 665854 665854 665854 665854 665854 665854 665854 665854 665854 665854 665854 665854 665854 665854 665854 665854 665854 665854 665854 665854 665854
593273 568622 565379 562390 569463 588196 611701 633168 649042 658707 663429 665217 665728 665836 665852 665854 665854 665854 665854 665854 665854 665854 665854 665854 665854 665854 665854 665854 665854 665854 665854 665854 665854 665854 665854 665854 665854 665854 665854 665854 665854
593286 569009 566713 562469 565810 581020 603132 625303 643130 655086 661675 664566 665546 665798 665846 665853 665854 665854 665854 665854 665854 665854 665854 665854 665854 665854 665854 665854 665854 665854 665854 665854 665854 665854 665854 665854 665854 665854 665854 665854 665854
593314 569193 567940 563246 563434 574946 595015 617209 636513 650600 659209 663501 665193 665710 665830 665851 665854 665854 665854 665854 665854 665854 665854 665854 665854 665854 665854 665854 665854 665854 665854 665854 665854 665854 665854 665854 665854 665854 665854 665854 665854
593349 569203 568957 564480 562197 570040 587557 609125 629382 645320 655972 661903 664575 665525 665788 665844 665853 665854 665854 665854 665854 665854 665854 665854 665854 665854 665854 665854 665854 665854 665854 665854 665854 665854 665854 665854 665854 665854 665854 665854 665854
593384 569078 569709 565949 561928 566312 580913 601266 621935 639364 651957 659678 663589 665182 665695 665824 665850 665853 665854 665854 665854 665854 665854 665854 665854 665854 665854 665854 665854 665854 665854 665854 665854 665854 665854 665854 665854 665854 665854 665854 665854
593413 568873 570182 567454 562430 563724 575193 593822 614373 632881 647212 656766 662130 664600 665512 665779 665841 665852 665854 665854 665854 665854 665854 665854 665854 665854 665854 665854 665854 665854 665854 665854 665854 665854 665854 665854 665854 665854 665854 665854 665854
593434 568651 570393 568835 563497 562193 570466 586950 606880 626034 641826 653154 660115 663687 665182 665685 665820 665848 665853 665854 665854 665854 665854 665854 665854 665854 665854 665854 665854 665854 665854 665854 665854 665854 665854 665854 665854 665854 665854 665854 665854
593446 568438 570380 569982 564922 561603 566758 580774 599624 618991 635917 648870 657485 662354 664635 665505 665773 665839 665852 665854 665854 665854 665854 665854 665854 665854 665854 665854 665854 665854 665854 665854 665854 665854 665854 665854 665854 665854 665854 665854 665854
593450 568256 570197 570833 566509 561808 564059 575385 592751 611910 629618 643981 654221 660523 663792 665190 665678 665816 665847 665853 665854 665854 665854 665854 665854 665854 665854 665854 665854 665854 665854 665854 665854 665854 665854 665854 665854 665854 665854 665854 665854
593446 568115 569902 571368 568081 562642 562325 570849 586383 604937 623070 638580 650338 658140 662572 664679 665503 665767 665836 665851 665853 665854 665854 665854 665854 665854 665854 665854 665854 665854 665854 665854 665854 665854 665854 665854 665854 665854 665854 665854 665854
593437 568021 569551 571600 569495 563925 561479 567198 580618 598202 616409 632778 645884 655180 660906 663900 665205 665674 665812 665846 665853 665854 665854 665854 665854 665854 665854 665854 665854 665854 665854 665854 665854 665854 665854 665854 665854 665854 665854 665854 665854
593425 567971 569199 571571 570649 565475 561417 564440 575535 591821 609763 626693 640936 651648 658740 662783 664728 665506 665764 665834 665850 665853 665854 665854 665854 665854 665854 665854 665854 665854 665854 665854 665854 665854 665854 665854 665854 665854 665854 665854 665854
593412 567960 568884 571337 571487 567120 562008 562557 571190 585890 603250 620444 635584 647581 656048 661263 664009 665225 665673 665810 665845 665852 665854 665854 665854 665854 665854 665854 665854 665854 665854 665854 665854 665854 665854 665854 665854 665854 665854 665854 665854
593400 567978 568635 570965 571992 568700 563105 561500 567620 580487 596972 614143 629930 643038 652827 659291 662986 664781 665513 665762 665833 665850 665853 665854 665854 665854 665854 665854 665854 665854 665854 665854 665854 665854 665854 665854 665854 665854 665854 665854 665854
593391 568020 568466 570521 572181 570088 564547 561198 564842 575679 591019 607894 624075 638095 649105 656837 661598 664118 665248 665674 665808 665844 665852 665854 665854 665854 665854 665854 665854 665854 665854 665854 665854 665854 665854 665854 665854 665854 665854 665854 665854
593384 568079 568380 570070 572096 571197 566172 561551 562854 571517 585469 601790 618119 632837 644925 653895 659800 663180 664836 665522 665761 665832 665849 665853 665854 665854 665854 665854 665854 665854 665854 665854 665854 665854 665854 665854 665854 665854 665854 665854 665854
593380 568143 568371 569660 571798 571976 567825 562442 561628 568037 580387 595914 612154 627354 640353 650480 657559 661913 664226 665274 665677 665807 665843 665852 665854 665854 665854 665854 665854 665854 665854 665854 665854 665854 665854 665854 665854 665854 665854 665854 665854
593379 568201 568426 569331 571357 572416 569365 563734 561117 565261 575828 590337 606265 621734 635461 646630 654865 660270 663366 664892 665533 665762 665831 665849 665853 665854 665854 665854 665854 665854 665854 665854 665854 665854 665854 665854 665854 665854 665854 665854 665854
593380 568245 568525 569101 570844 572536 570683 565282 561249 563197 571837 585123 600528 616060 630328 642396 651729 658221 662207 664331 665302 665681 665807 665843 665852 665853 665854 665854 665854 665854 665854 665854 665854 665854 665854 665854 665854 665854 665854 665854 665854
593383 568270 568650 568979 570327 572382 571703 566938 561930 561833 568449 580324 595008 610408 625031 637842 648177 655752 660705 663543 664949 665546 665763 665831 665849 665853 665854 665854 665854 665854 665854 665854 665854 665854 665854 665854 665854 665854 665854 665854 665854
593386 568275 568782 568958 569860 572018 572387 568563 563050 561141 565690 575989 589763 604848 619644 633035 644253 652867 658830 662483 664433 665331 665687 665807 665843 665851 665853 665854 665854 665854 665854 665854 665854 665854 665854 665854 665854 665854 665854 665854 665854
593390 568260 568905 569022 569485 571515 572732 570032 564481 561069 563573 572157 584846 599439 614239 628045 640010 649588 656565 661109 663712 665006 665560 665765 665831 665848 665853 665854 665854 665854 665854 665854 665854 665854 665854 665854 665854 665854 665854 665854 665854
593393 568227 569006 569150 569223 570946 572764 571252 566088 561547 562099 568862 580301 594237 608878 622939 635508 645948 653909 659392 662741 664532 665361 665693 665808 665842 665851 665853 665854 665854 665854 665854 665854 665854 665854 665854 665854 665854 665854 665854 665854
593396 568184 569078 569315 569085 570381 572531 572161 567738 562484 561250 566129 576168 589289 603616 617781 630809 641993 650878 657312 661485 663871 665061 665575 665768 665831 665848 665853 665854 665854 665854 665854 665854 665854 665854 665854 665854 665854 665854 665854 665854
593397 568138 569119 569494 569062 569876 572100 572732 569303 563773 560993 563976 572483 584636 598504 612630 625973 637775 647499 654865 659911 662984 664627 665391 665701 665809 665842 665851 665853 665854 665854 665854 665854 665854 665854 665854 665854 665854 665854 665854 665854
593397 568091 569129 569663 569137 569474 571542 572970 570676 565294 561277 562410 569277 580317 593587 607537 621060 633350 643811 652062 658000 661834 664022 665115 665591 665771 665831 665848 665853 665854 665854 665854 665854 665854 665854 665854 665854 665854 665854 665854 665854
593397 568048 569113 569806 569287 569197 570932 572906 571778 566922 562029 561426 566575 576367 588902 602548 616123 628774 639860 648925 655745 660391 663211 664717 665421 665708 665811 665842 665851 665853 665854 665854 665854 665854 665854 665854 665854 665854 665854 665854 665854
593396 568011 569077 569912 569483 569054 570337 572593 572561 568534 563162 561003 564399 572817 584486 597704 611210 624099 635694 645485 653152 658635 662158 664164 665168 665607 665775 665832 665848 665853 665854 665854 665854 665854 665854 665854 665854 665854 665854 665854 665854
593394 567979 569030 569974 569695 569038 569814 572097 573009 570016 564569 561104 562759 569697 580371 593043 606364 619375 631364 641782 650238 656557 660836 663423 664804 665451 665716 665812 665843 665851 665853 665854 665854 665854 665854 665854 665854 665854 665854 665854 665854
593392 567955 568979 569994 569899 569130 569402 571492 573133 571276 566140 561675 561658 567031 576587 588595 601624 614648 626920 637861 647029 654158 659222 662460 664299 665219 665623 665779 665832 665848 665853 665854 665854 665854 665854 665854 665854 665854 665854 665854 665854
593390 567936 568931 569977 570072 569303 569126 570850 572972 572249 567756 562642 561085 564840 573162 584392 597024 609959 622407 633766 643559 651450 657306 661248 663621 664886 665480 665725 665814 665843 665851 665853 665854 665854 665854 665854 665854 665854 665854 665854 665854
593388 567922 568890 569931 570202 569526 568992 570237 572581 572899 569304 563918 561016 563139 570123 580461 592594 605342 617867 629543 639868 648456 655086 659766 662741 664425 665267 665639 665783 665833 665848 665853 665854 665854 665854 665854 665854 665854 665854 665854 665854
593387 567911 568862 569866 570281 569768 568991 569709 572027 573219 570685 565403 561411 561937 567494 576828 588361 600830 613340 625235 635996 645205 652571 658000 661631 663806 664964 665507 665733 665816 665843 665851 665853 665854 665854 665854 665854 665854 665854 665854 665854
593386 567904 568847 569793 570308 570000 569102 569302 571383 573231 571819 566988 562211 561230 565296 573519 584350 596451 608858 620882 631986 641731 649778 655946 660269 663002 664543 665314 665654 665788 665834 665849 665853 665854 665854 665854 665854 665854 665854 665854 665854
593386 567899 568845 569722 570290 570199 569299 569038 570720 572975 572656 568564 563343 561004 563546 570557 580586 592230 604453 616520 627878 638072 646732 653610 658642 661986 663979 665037 665534 665742 665818 665844 665851 665853 665854 665854 665854 665854 665854 665854 665854
593386 567892 568854 569660 570235 570349 569547 568920 570102 572511 573170 570029 564721 561229 562256 567966 577091 588191 600150 612181 623708 634266 643464 651005 656742 660736 663245 664654 665358 665669 665792 665835 665849 665853 665854 665854 665854 665854 665854 665854 665854
593386 567884 568873 569614 570155 570441 569813 568940 569580 571907 573364 571295 566246 561863 561429 565766 573888 584355 595973 607894 619512 630350 640007 648152 654573 659237 662315 664140 665106 665560 665750 665821 665844 665851 665853 665854 665854 665854 665854 665854 665854
593386 567872 568897 569587 570064 570474 570068 569075 569188 571234 573267 572297 567817 562844 561057 563976 570999 580743 591943 603684 615319 626360 636396 645079 652145 657481 661168 663470 664758 665399 665684 665796 665836 665849 665853 665854 665854 665854 665854 665854 665854
593387 567856 568924 569578 569973 570454 570285 569295 568944 570559 572924 572995 569332 564099 561123 562610 568446 577374 588080 599573 611158 622327 632666 641814 649474 655468 659788 662620 664290 665171 665584 665758 665823 665845 665851 665853 665854 665854 665854 665854 665854
593387 567837 568950 569586 569892 570392 570449 569566 568851 569945 572395 573374 570698 565542 561593 561675 566249 574270 584403 595580 607052 618283 628850 638390 646584 653205 658166 661569 663680 664854 665438 665698 665801 665837 665849 665853 665854 665854 665854 665854 665854
593387 567814 568972 569609 569830 570300 570550 569853 568896 569438 571749 573448 571840 567078 562420 561171 564427 571451 580930 591725 603022 614251 624979 634839 643502 650706 656299 660300 662903 664430 665231 665607 665765 665825 665845 665852 665853 665854 665854 665854 665854
593387 567790 568990 569640 569789 570193 570586 570126 569056 569069 571055 573248 572706 568610 563541 561086 562995 568936 577678 588023 599087 610257 621082 631192 640257 647990 654191 658802 661940 663874 664944 665475 665711 665805 665839 665850 665853 665854 665854 665854 665854
593388 567764 569001 569676 569772 570085 570564 570357 569299 568853 570379 572825 573265 570046 564883 561397 561964 566745 574666 584491 595264 606319 617183 627480 636879 645083 651854 657072 660774 663165 664559 665288 665629 665773 665827 665846 665852 665853 665854 665854 665854
593387 567739 569007 569713 569777 569988 570495 570531 569591 568789 569777 572241 573516 571302 566360 562069 561338 564897 571912 581145 591568 602457 613305 623728 633397 642009 649305 655110 659393 662284 664054 665028 665510 665724 665809 665840 665850 665853 665854 665854 665854
593388 567714 569007 569745 569800 569911 570392 570636 569896 568863 569293 571563 573475 572316 567881 563050 561112 563409 569435 578001 588014 598685 609467 619961 629838 638797 646563 652927 657790 661214 663408 664679 665340 665650 665780 665829 665847 665852 665853 665854 665854
593387 567690 569003 569770 569836 569860 570272 570673 570182 569049 568953 570857 573182 573045 569356 564276 561271 562292 567253 575074 584616 595017 605686 616202 626230 635473 643654 650534 655967 659941 662603 664220 665106 665542 665735 665813 665841 665850 665853 665854 665854
593387 567668 568996 569787 569879 569836 570150 570647 570423 569315 568769 570187 572689 573471 570698 565673 561789 561555 565386 572383 581387 591468 601978 612468 622596 632066 640601 647951 653928 658458 661621 663632 664789 665389 665669 665787 665832 665847 665852 665853 665854
593386 567647 568988 569796 569924 569838 570039 570570 570602 569625 568737 569605 572058 573598 571838 567158 562625 561197 563848 569943 578343 588050 598357 608777 618956 628598 637432 645199 651684 656764 660449 662897 664374 665177 665572 665746 665816 665842 665850 665853 665854
593386 567627 568980 569796 569964 569862 569950 570458 570709 569944 568841 569150 571356 573452 572721 568644 563726 561211 562655 567773 575496 584775 594833 605143 615329 625094 634171 642300 649253 654862 659080 661998 663840 664892 665434 665687 665793 665834 665848 665852 665854
593386 567608 568974 569789 569997 569903 569889 570326 570744 570240 569053 568844 570648 573075 573316 570045 565027 561578 561816 565890 572864 581655 591419 601579 611732 621574 630841 639280 646651 652761 657508 660921 663170 664515 665243 665599 665757 665820 665843 665851 665854
593385 567590 568971 569778 570019 569953 569859 570191 570713 570487 569341 568695 569991 572522 573614 571286 566453 562267 561337 564311 570461 578703 588126 598096 608178 618056 627466 636161 643902 650474 655736 659657 662347 664031 664986 665476 665703 665799 665835 665848 665854
593385 567572 568970 569764 570031 570005 569859 570068 570628 570668 569668 568697 569435 571855 573627 572304 567924 563235 561214 563050 568305 575932 584965 594706 604681 614556 624065 632967 641025 648018 653769 658200 661359 663421 664646 665304 665625 665766 665823 665844 665854
593386 567555 568972 569750 570031 570054 569884 569969 570505 570774 569998 568831 569013 571138 573385 573057 569357 564427 561434 562120 566411 573356 581945 591417 601251 611087 620656 629718 638045 645411 651621 656551 660193 662670 664207 665072 665514 665718 665804 665837 665854
593385 567538 568977 569737 570023 570095 569928 569900 570362 570804 570301 569069 568744 570434 572934 573523 570674 565776 561977 561528 564796 570989 579080 588240 597897 607663 617254 626435 634982 642674 649303 654713 658845 661764 663653 664766 665360 665649 665776 665825 665854
593385 567520 568984 569728 570008 570124 569984 569864 570217 570766 570551 569376 568632 569797 572331 573701 571806 567209 562807 561275 563476 568848 576379 585184 594630 604293 613874 623134 631858 639828 646834 652696 657312 660691 662968 664369 665152 665549 665733 665807 665854
593385 567502 568992 569722 569988 570139 570044 569862 570084 570673 570731 569718 568669 569271 571637 573608 572702 568648 563878 561355 562462 566947 573857 582258 591458 600987 610527 619832 628691 636894 644232 650512 655597 659445 662138 663866 664876 665412 665671 665780 665854
593385 567483 569001 569721 569968 570142 570101 569887 569975 570541 570832 570057 568833 568886 570913 573281 573329 570015 565135 561753 561766 565302 571527 579473 588388 597754 607224 616542 625499 633892 641518 648176 653706 658022 661153 663243 664517 665225 665582 665740 665854
593385 567463 569010 569724 569949 570133 570149 569935 569900 570388 570856 570364 569095 568655 570220 572767 573671 571238 566509 562443 561392 563929 569402 576840 585430 594602 603973 613276 622296 630840 638709 645706 651650 656423 660003 662485 664062 664976 665460 665681 665854