0 0 0 0 0 0 0 0 0 0 0 0 0 0 0 0 0 0 0 0 0 0 0 0 0 0 0 0 0 0 0 0 0 0 0 0 0 0 0 0 0
0 0 0 0 0 0 0 0 0 0 0 0 0 0 0 0 0 0 0 0 0 0 0 0 0 0 0 0 0 0 0 0 0 0 0 0 0 0 0 0 0
0 8.21336e-11 0 0 0 0 0 0 0 0 0 0 0 0 0 0 0 0 0 0 0 0 0 0 0 0 0 0 0 0 0 0 0 0 0 0 0 0 0 0 0
0 2.05334e-10 0 0 0 0 0 0 0 0 0 0 0 0 0 0 0 0 0 0 0 0 0 0 0 0 0 0 0 0 0 0 0 0 0 0 0 0 0 0 0
0 4.92802e-10 -4.10668e-11 0 0 0 0 0 0 0 0 0 0 0 0 0 0 0 0 0 0 0 0 0 0 0 0 0 0 0 0 0 0 0 0 0 0 0 0 0 0
0 6.57069e-10 -4.10668e-11 0 0 0 0 0 0 0 0 0 0 0 0 0 0 0 0 0 0 0 0 0 0 0 0 0 0 0 0 0 0 0 0 0 0 0 0 0 0
0 6.16002e-10 4.10668e-11 0 0 0 0 0 0 0 0 0 0 0 0 0 0 0 0 0 0 0 0 0 0 0 0 0 0 0 0 0 0 0 0 0 0 0 0 0 0
0 6.98136e-10 1.232e-10 0 0 0 0 0 0 0 0 0 0 0 0 0 0 0 0 0 0 0 0 0 0 0 0 0 0 0 0 0 0 0 0 0 0 0 0 0 0
0 8.21336e-10 1.64267e-10 8.21336e-11 0 0 0 0 0 0 0 0 0 0 0 0 0 0 0 0 0 0 0 0 0 0 0 0 0 0 0 0 0 0 0 0 0 0 0 0 0
0 9.0347e-10 2.05334e-10 2.05334e-10 -4.10668e-11 0 0 0 0 0 0 0 0 0 0 0 0 0 0 0 0 0 0 0 0 0 0 0 0 0 0 0 0 0 0 0 0 0 0 0 0
0 8.62403e-10 2.87468e-10 3.69601e-10 -8.21336e-11 0 0 0 0 0 0 0 0 0 0 0 0 0 0 0 0 0 0 0 0 0 0 0 0 0 0 0 0 0 0 0 0 0 0 0 0
0 8.21336e-10 4.92802e-10 2.46401e-10 3.10193e-25 -4.10668e-11 0 0 0 0 0 0 0 0 0 0 0 0 0 0 0 0 0 0 0 0 0 0 0 0 0 0 0 0 0 0 0 0 0 0 0
0 8.62403e-10 3.69601e-10 4.92802e-10 4.10668e-11 -1.232e-10 0 0 0 0 0 0 0 0 0 0 0 0 0 0 0 0 0 0 0 0 0 0 0 0 0 0 0 0 0 0 0 0 0 0 0
0 6.16002e-10 3.28534e-10 6.57069e-10 8.21336e-11 1.08567e-24 -1.232e-10 0 0 0 0 0 0 0 0 0 0 0 0 0 0 0 0 0 0 0 0 0 0 0 0 0 0 0 0 0 0 0 0 0 0
0 4.92802e-10 2.46401e-10 7.39203e-10 1.64267e-10 2.05334e-10 -1.232e-10 -1.232e-10 0 0 0 0 0 0 0 0 0 0 0 0 0 0 0 0 0 0 0 0 0 0 0 0 0 0 0 0 0 0 0 0 0
-46256.4 8.21336e-11 2.46401e-10 8.62403e-10 3.28534e-10 1.232e-10 -1.232e-10 5.94536e-25 -1.232e-10 0 0 0 0 0 0 0 0 0 0 0 0 0 0 0 0 0 0 0 0 0 0 0 0 0 0 0 0 0 0 0 0
-47472.2 -15612.3 -462.819 8.60245e-10 3.84786e-10 1.06887e-10 -4.16258e-11 7.73096e-11 -3.42392e-11 -1.28598e-10 -5.25861e-28 0 0 0 0 0 0 0 0 0 0 0 0 0 0 0 0 0 0 0 0 0 0 0 0 0 0 0 0 0 0
-47996.9 -25698.6 -5719.08 -202.8 -0.0435646 9.24928e-11 3.48726e-11 3.79259e-11 5.11788e-11 -4.28574e-11 -1.28559e-10 -5.43756e-28 0 0 0 0 0 0 0 0 0 0 0 0 0 0 0 0 0 0 0 0 0 0 0 0 0 0 0 0 0
-48252.8 -33447 -12573.8 -2164.2 -75.2864 -0.0230182 -2.87054e-10 -5.79631e-12 5.53151e-11 -3.47455e-12 -4.11416e-11 -1.28374e-10 -5.25261e-28 0 0 0 0 0 0 0 0 0 0 0 0 0 0 0 0 0 0 0 0 0 0 0 0 0 0 0 0
-48374.4 -39039.3 -19772.9 -5903.43 -812.135 -26.4765 -0.00893832 -2.26418e-10 -3.35295e-11 -3.07968e-12 4.40133e-11 -4.30569e-11 -1.28186e-10 -5.05343e-28 0 0 0 0 0 0 0 0 0 0 0 0 0 0 0 0 0 0 0 0 0 0 0 0 0 0 0
-48431.6 -42845.5 -26590.7 -10921.8 -2638.64 -301.031 -9.1062 -0.00315689 -1.66802e-10 -9.22113e-12 8.99516e-11 -3.75329e-12 -4.11433e-11 -1.27999e-10 -4.85469e-28 0 0 0 0 0 0 0 0 0 0 0 0 0 0 0 0 0 0 0 0 0 0 0 0 0 0
-48457.1 -45305.8 -32630.2 -16635 -5646.92 -1136.07 -110.083 -3.09333 -0.00107748 2.29097e-11 -6.86128e-11 -6.43427e-12 4.37989e-11 -4.29182e-11 -1.27813e-10 -4.65689e-28 0 0 0 0 0 0 0 0 0 0 0 0 0 0 0 0 0 0 0 0 0 0 0 0 0
-48465.5 -46772.4 -37640.9 -22532.6 -9661.9 -2778.31 -472.977 -39.7706 -1.04273 -0.00036234 -1.90924e-10 6.90879e-11 7.2056e-12 -3.50626e-12 -4.11331e-11 -1.27627e-10 -4.46003e-28 0 0 0 0 0 0 0 0 0 0 0 0 0 0 0 0 0 0 0 0 0 0 0 0
-48463.8 -47518.2 -41571.2 -28209.3 -14378.1 -5317.11 -1305.84 -191.426 -14.2197 -0.349402 -0.000120861 1.03095e-10 -2.64627e-11 -4.8995e-11 4.36099e-11 -4.27793e-11 -1.27442e-10 -4.2641e-28 0 0 0 0 0 0 0 0 0 0 0 0 0 0 0 0 0 0 0 0 0 0 0
-48456.2 -47758.8 -44484.5 -33373.8 -19459.6 -8683.79 -2779.92 -589.959 -75.6559 -5.03813 -0.116472 -4.00767e-05 -2.66249e-11 3.16977e-11 -3.70679e-11 -3.25653e-12 -4.11236e-11 -1.27258e-10 -4.06911e-28 0 0 0 0 0 0 0 0 0 0 0 0 0 0 0 0 0 0 0 0 0 0
-48445.4 -47665.6 -46498.8 -37831.1 -24596.2 -12701.7 -4975.45 -1388.25 -257.562 -29.3091 -1.77051 -0.0386344 -1.3221e-05 -5.03315e-11 6.59739e-12 -6.61055e-12 4.342e-11 -4.26407e-11 -1.27074e-10 -3.87503e-28 0 0 0 0 0 0 0 0 0 0 0 0 0 0 0 0 0 0 0 0 0
-48433.7 -47373.3 -47755 -41495.4 -29528.7 -17143.2 -7868.92 -2716.36 -665.267 -109.197 -11.1623 -0.617487 -0.0127537 -4.34017e-06 -8.18028e-11 1.20951e-10 -7.91772e-11 -3.00517e-12 -4.11148e-11 -1.26891e-10 -3.68187e-28 0 0 0 0 0 0 0 0 0 0 0 0 0 0 0 0 0 0 0 0
-48423 -46991.8 -48398.8 -44357.9 -34056.7 -21773.6 -11352.9 -4645.76 -1417.74 -307.427 -45.1453 -4.18839 -0.213809 -0.00419002 -1.41804e-06 1.61616e-10 -1.57024e-10 -6.91447e-12 4.32291e-11 -4.25025e-11 -1.26709e-10 -3.48961e-28 0 0 0 0 0 0 0 0 0 0 0 0 0 0 0 0 0 0 0
-48414.4 -46610.7 -48572.3 -46461.5 -38043.3 -26377.1 -15268.9 -7175.28 -2619 -710.244 -137.616 -18.2623 -1.55096 -0.0735206 -0.00136999 -4.60765e-07 -1.9115e-10 1.10871e-10 -7.79328e-11 -2.7522e-12 -4.11068e-11 -1.26527e-10 -3.29826e-28 0 0 0 0 0 0 0 0 0 0 0 0 0 0 0 0 0 0
-48408.7 -46278.7 -48409.5 -47881.3 -41414.5 -30773.5 -19438.7 -10238.4 -4332.84 -1413.77 -342.942 -59.9119 -7.24768 -0.567481 -0.025111 -0.000445796 -1.49298e-07 -8.61886e-12 -3.61183e-11 -6.29326e-12 4.30372e-11 -4.23645e-11 -1.26346e-10 -3.1078e-28 0 0 0 0 0 0 0 0 0 0 0 0 0 0 0 0 0
-48405.7 -46018.8 -48029.7 -48711.2 -44145.3 -34820.7 -23687.8 -13722.4 -6569.99 -2504.09 -733.153 -160.247 -25.4529 -2.82785 -0.205359 -0.0085204 -0.000144367 -4.81115e-08 -3.6122e-11 1.15552e-10 -7.82941e-11 -2.49762e-12 -4.10996e-11 -1.26166e-10 -2.91822e-28 0 0 0 0 0 0 0 0 0 0 0 0 0 0 0 0
-48405.3 -45838.2 -47534 -49054.6 -46247.3 -38420.7 -27859.8 -17490.8 -9289.56 -4038.48 -1388 -366.547 -72.7291 -10.5814 -1.08654 -0.0735559 -0.00287246 -4.65269e-05 -1.55462e-08 1.57136e-10 -1.15919e-10 -5.7018e-12 4.28444e-11 -4.22268e-11 -1.25986e-10 -2.72952e-28 0 0 0 0 0 0 0 0 0 0 0 0 0 0 0
-48406.8 -45734 -47008.9 -49017.3 -47758.1 -41515.7 -31825 -21401.8 -12410.5 -6034.28 -2380.44 -739.918 -177.309 -32.1636 -4.31428 -0.411664 -0.0260931 -0.000962268 -1.49227e-05 -4.78961e-09 -1.51394e-10 1.13703e-10 -7.866e-11 -2.24144e-12 -4.10931e-11 -1.25807e-10 -2.54169e-28 0 0 0 0 0 0 0 0 0 0 0 0 0 0
-48409.3 -45696.6 -46521 -48703.8 -48733.5 -44080.2 -35481.5 -25322.3 -15827.1 -8467.5 -3762.21 -1347.85 -380.507 -83.2612 -13.8972 -1.72831 -0.153961 -0.0091718 -0.000320352 -4.76297e-06 -1.54537e-09 -8.78655e-11 -3.69706e-11 -5.10864e-12 4.26507e-11 -4.20893e-11 -1.25629e-10 -2.35473e-28 0 0 0 0 0 0 0 0 0 0 0 0 0
-48412.3 -45712.5 -46112.8 -48212.8 -49241.6 -46114.3 -38758.5 -29135.9 -19424 -11279.5 -5554.33 -2253.25 -734.817 -189.363 -38.0676 -5.87998 -0.68129 -0.0568898 -0.00319585 -0.000105995 -1.51279e-06 -4.92011e-10 -1.61405e-10 -6.21579e-12 4.41704e-11 -1.98366e-12 -4.10873e-11 -1.25451e-10 -2.16863e-28 0 0 0 0 0 0 0 0 0 0 0 0
-48415.1 -45766.4 -45807.5 -47632.6 -49359.1 -47637.3 -41611.4 -32746.8 -23088.2 -14388 -7744.34 -3503.16 -1298.22 -386.755 -91.4729 -16.9896 -2.44072 -0.264591 -0.0207841 -0.00110427 -3.48577e-05 -4.78236e-07 -3.77657e-10 1.55134e-10 -1.19107e-10 -2.95477e-12 4.24559e-11 -4.19522e-11 -1.25274e-10 -1.98338e-28 0 0 0 0 0 0 0 0 0 0 0
-48417.5 -45843.5 -45612.2 -47040.5 -49167.5 -48683 -44017.8 -36080.7 -26717.2 -17698.8 -10290 -5120.55 -2125.69 -720.99 -197.075 -43.0071 -7.41771 -0.995474 -0.101344 -0.00751226 -0.000378485 -1.13946e-05 -1.50553e-07 -1.33978e-10 -1.17967e-10 -6.9961e-12 8.58267e-11 -1.72429e-12 -4.10822e-11 -1.25098e-10 -1.79898e-28 0 0 0 0 0 0 0 0 0 0
-48419.2 -45930.5 -45521.8 -46499.2 -48750.6 -49296.7 -45972.8 -39085.1 -30223 -21115.9 -13126.9 -7101.01 -3260.22 -1242.47 -386.89 -97.4877 -19.7281 -3.17407 -0.399463 -0.0383161 -0.00268771 -0.000128712 -3.7028e-06 -4.72615e-08 -8.17782e-11 -6.47852e-12 -3.65388e-11 -2.98863e-12 4.22603e-11 -4.18153e-11 -1.24922e-10 -1.61541e-28 0 0 0 0 0 0 0 0 0
-48420.1 -46014.5 -45521.8 -46051.1 -48191.1 -49533 -47484.9 -41726 -33533.9 -24549.2 -16177.9 -9414.52 -4725.69 -1999.76 -700.779 -201.102 -46.9341 -8.84777 -1.33322 -0.157884 -0.0143101 -0.000952277 -4.34396e-05 -1.19645e-06 -1.46119e-08 -4.50986e-11 -7.85735e-11 -4.40177e-11 1.55055e-12 -1.46333e-12 -4.10779e-11 -1.24747e-10 -1.43268e-28 0 0 0 0 0 0 0 0
-48420.3 -46086.5 -45591.9 -45720.1 -47565.9 -49453.9 -48573.9 -43984.6 -36595 -27918.8 -19361.4 -12010.8 -6523.43 -3032.29 -1182.97 -382.219 -101.506 -22.0407 -3.8865 -0.550421 -0.0615212 -0.00528281 -0.00033426 -1.45525e-05 -3.84084e-07 -4.61294e-09 -1.20579e-10 -8.50611e-11 -8.1013e-11 -2.56912e-12 4.20637e-11 -4.16786e-11 -1.24573e-10 -1.25077e-28 0 0 0 0 0 0 0
-48419.9 -46140.8 -45709.2 -45513.6 -46944.8 -49126.8 -49269 -45853.9 -39367.2 -31157.7 -22598.3 -14826.3 -8632.69 -4364.25 -1876.73 -675.957 -202.054 -49.8693 -10.1162 -1.67465 -0.22361 -0.0236531 -0.00192879 -0.000116277 -4.83964e-06 -1.2289e-07 -1.46876e-09 -1.25681e-10 -8.34326e-11 -2.20337e-12 1.30039e-12 -1.20079e-12 -4.10743e-11 -1.24399e-10 -1.06968e-28 0 0 0 0 0 0
-48419.1 -46175 -45850.7 -45426 -46385.3 -48622.9 -49607.9 -47336.8 -41824 -34211.8 -25816.7 -17791.7 -11014.3 -6001.08 -2818.37 -1121.43 -373.807 -103.762 -23.8972 -4.54576 -0.708759 -0.0894777 -0.00897913 -0.000696806 -4.00978e-05 -1.59842e-06 -3.90008e-08 -5.96051e-10 -5.75075e-12 -4.18223e-11 -8.08423e-11 -2.10661e-12 4.18661e-11 -4.15422e-11 -1.24226e-10 -8.89402e-29 0 0 0 0 0
-48418.2 -46189.3 -45994.8 -45441.4 -45927.4 -48013.6 -49636.1 -48444.4 -43949.6 -37040 -28954.3 -20837.7 -13616.1 -7929.15 -4031.93 -1757.44 -647.882 -200.477 -51.8747 -11.1904 -2.00281 -0.294969 -0.0352966 -0.00336768 -0.00024919 -1.37114e-05 -5.24234e-07 -1.23206e-08 -2.54509e-10 -1.68057e-10 9.81269e-13 -1.80392e-12 1.04717e-12 -9.36678e-13 -4.10714e-11 -1.24054e-10 -7.09933e-29 0 0 0 0
-48417.1 -46186.1 -46124.7 -45536.9 -45594.2 -47366.5 -49406.5 -49195.1 -45736.6 -39612.2 -31959.5 -23899.4 -16378.9 -10118.2 -5525.83 -2617.51 -1059.08 -362.527 -104.491 -25.2975 -5.12912 -0.86631 -0.120833 -0.0137362 -0.00124857 -8.8248e-05 -4.6504e-06 -1.70727e-07 -3.95969e-09 -2.07708e-10 -4.41782e-11 -5.88511e-13 -8.10926e-11 -1.64203e-12 4.16677e-11 -4.14061e-11 -1.23882e-10 -5.31264e-29 0 0 0
-48416.2 -46169.2 -46228.7 -45686.6 -45393.1 -46744 -48977.5 -49614.6 -47184.5 -41908 -34791.2 -26919.6 -19242 -12525.4 -7292.03 -3725.29 -1642.39 -617.607 -196.85 -53.0351 -12.0551 -2.30438 -0.368293 -0.0487638 -0.00527716 -0.00045781 -3.09583e-05 -1.56462e-06 -5.5201e-08 -1.40774e-09 -1.68424e-10 3.9522e-11 -4.00042e-11 -1.40634e-12 7.90487e-13 -6.71001e-13 -4.10692e-11 -1.2371e-10 -3.5339e-29 0 0
-48415.4 -46143.4 -46300.4 -45864.1 -45317.8 -46196.4 -48411.7 -49735.9 -48298.5 -43914.1 -37418 -29849.4 -22147.3 -15100.6 -9307.45 -5091.35 -2428.86 -996.844 -349.088 -103.926 -26.2612 -5.62222 -1.01607 -0.154036 -0.0194018 -0.00200254 -0.000166087 -1.07615e-05 -5.2227e-07 -1.77976e-08 -5.51429e-10 -1.26337e-10 4.13295e-11 -6.98658e-13 -8.1347e-11 -1.1754e-12 4.14683e-11 -4.12702e-11 -1.2354e-10 -1.76304e-29 0
-48414.8 -46114.1 -46338.1 -46044.4 -45351.8 -45759 -47772.6 -49599.2 -49089.8 -45623.1 -39817 -32648.9 -25041.9 -17790.3 -11537.1 -6712.02 -3441.54 -1531.94 -585.955 -191.587 -53.4461 -12.7074 -2.56972 -0.440171 -0.0634362 -0.00761574 -0.000750991 -5.96378e-05 -3.70782e-06 -1.73102e-07 -5.72566e-09 -2.932e-10 -8.37973e-11 4.01267e-11 -4.02693e-11 -1.00684e-12 5.30382e-13 -4.03764e-13 -4.10676e-11 -1.2337e-10 0
-48414.6 -46085.1 -46344.3 -46207.2 -45471.1 -45451.3 -47120.9 -49251.6 -49575.4 -47032.5 -41971.7 -35286.4 -27880 -20542.4 -13938.3 -8570.09 -4692.56 -2251.67 -935.407 -334.073 -102.28 -26.8203 -6.01769 -1.15246 -0.18753 -0.0257434 -0.00295096 -0.000278455 -2.12029e-05 -1.26638e-06 -5.71535e-08 -1.91374e-09 -1.26526e-10 -4.36899e-11 1.00684e-12 -5.00932e-13 -8.16053e-11 -7.06745e-13 4.1268e-11 -4.11345e-11 0
-48414.5 -46059.5 -46324.4 -46338.3 -45647.9 -45278.2 -46512.3 -48745.8 -49778.3 -48144.1 -43871 -37738 -30623.3 -23308.4 -16464.3 -10637.2 -6181.67 -3178.4 -1426.26 -553.572 -185.045 -53.2064 -13.1537 -2.79259 -0.507681 -0.0786387 -0.0103016 -0.00112935 -0.000102123 -7.46591e-06 -4.28991e-07 -1.864e-08 -8.40366e-10 -8.69116e-11 -3.98705e-11 4.02276e-11 -4.05339e-11 -6.05469e-13 2.66877e-13 -8.23022e-11 0
-48414.6 -46039.3 -46285.7 -46429.5 -45853.7 -45231.7 -45990.9 -48138.5 -49728.7 -48963.9 -45507.9 -39985.5 -33240.7 -26045.5 -19068.3 -12877.1 -7896.53 -4325.34 -2085.25 -875.276 -317.961 -99.7483 -27.0144 -6.31369 -1.27143 -0.219881 -0.0324825 -0.00406733 -0.000427081 -3.70589e-05 -2.60414e-06 -1.44307e-07 -6.34917e-09 -2.57257e-10 -1.2263e-10 8.0616e-11 6.7026e-13 -3.01638e-13 4.11975e-11 -4.10998e-11 0
-48414.9 -46025.6 -46236.1 -46478.2 -46061.8 -45293.9 -45586.6 -47486.8 -49463.5 -49502.4 -46878.8 -42015.8 -35707.7 -28717.1 -21706 -15248.9 -9814.33 -5694.97 -2933.96 -1325.46 -520.968 -177.531 -52.4127 -13.407 -2.96969 -0.568496 -0.0937084 -0.0132252 -0.00158534 -0.00015966 -1.33105e-05 -9.00522e-07 -4.84003e-08 -2.03205e-09 -1.25104e-10 -1.25236e-10 4.22753e-11 -8.0614e-13 4.13988e-11 1.1584e-15 0
-48415.2 -46018.5 -46183.5 -46487 -46249.5 -45439.8 -45315.2 -46846.1 -49026.1 -49775.6 -47983 -43819.6 -38005.5 -31292.8 -24337.2 -17710.9 -11904.4 -7278.94 -3986.32 -1928.97 -816.833 -301.144 -96.5074 -26.8867 -6.51257 -1.37031 -0.24987 -0.0393267 -0.00531075 -0.000610309 -5.90275e-05 -4.73394e-06 -3.08739e-07 -1.58861e-08 -7.13198e-10 -3.29902e-10 -4.16232e-11 -3.97684e-13 4.11269e-11 4.11696e-11 0
-48415.5 -46017.4 -46134.5 -46462.2 -46400.9 -45640.9 -45178.6 -46265.3 -48465.6 -49805.3 -48822.9 -45390.2 -40119.9 -33748.3 -26927.2 -20222.2 -14131.3 -9059.19 -5246.98 -2706.58 -1229.56 -488.546 -169.304 -51.1571 -13.4841 -3.10013 -0.620918 -0.108045 -0.0162631 -0.0021045 -0.000232158 -2.15895e-05 -1.66735e-06 -1.04813e-07 -5.42063e-09 -6.61877e-10 -8.45904e-11 8.15317e-11 8.226e-11 4.12034e-11 0
-48415.8 -46021.1 -46094.1 -46412.6 -46506.3 -45868.1 -45166.6 -45782.3 -47834.1 -49620.1 -49404.7 -46723.3 -42040.2 -36064.6 -29446.6 -22745.7 -16457.4 -11010 -6710.9 -3672.67 -1782.27 -760.357 -283.942 -92.7127 -26.4814 -6.61977 -1.4477 -0.276531 -0.0459954 -0.00663117 -0.000823365 -8.72972e-05 -7.81418e-06 -5.81686e-07 -3.55319e-08 -2.25262e-09 -1.28384e-10 -1.42113e-12 1.23528e-10 4.1271e-11 0
-48416 -46028.3 -46065.4 -46348.1 -46562.7 -46093.8 -45259.9 -45421.9 -47184.1 -49254.9 -49738.7 -47816.7 -43758.3 -38226.8 -31871.5 -25248.2 -18845.8 -13100.5 -8364.08 -4833.59 -2494.9 -1138.55 -456.623 -160.585 -49.5251 -13.4044 -3.18492 -0.663844 -0.121141 -0.0192899 -0.00266735 -0.000318186 -3.24599e-05 -2.7999e-06 -2.01377e-07 -1.23091e-08 -6.31342e-10 -1.23826e-10 8.14443e-11 1.23641e-10 0
-48416.1 -46037.5 -46049.7 -46278.6 -46572.5 -46295.3 -45432.7 -45195.5 -46565.7 -48750.9 -49840.3 -48670.6 -45268.1 -40223.5 -34182.6 -27701.5 -21261.5 -15297.3 -10185.1 -6187.07 -3382.04 -1644.65 -706.053 -266.619 -88.5009 -25.8418 -6.64279 -1.50326 -0.299166 -0.0522384 -0.00797464 -0.00105898 -0.000121504 -1.19394e-05 -9.93596e-07 -6.93325e-08 -3.92949e-09 -4.13462e-10 3.94291e-11 1.23911e-10 0
-48416.1 -46047.2 -46046.4 -46212.8 -46542.8 -46456.2 -45655.9 -45101.7 -46021.9 -48154.5 -49730.9 -49287.6 -46565 -42045.9 -36365 -30082.2 -23673.4 -17566.5 -12147.3 -7722.56 -4451.38 -2297.72 -1052.37 -425.448 -151.561 -47.5946 -13.1882 -3.22648 -0.696713 -0.132603 -0.0221879 -0.00325154 -0.000415151 -4.58649e-05 -4.34575e-06 -3.49037e-07 -2.35807e-08 -1.61809e-09 -1.66927e-10 2.06009e-10 0
-48416.1 -46055.8 -46053.9 -46157.4 -46483.4 -46566.8 -45900.3 -45127.9 -45584.7 -47514 -49438.4 -49674.1 -47645.9 -43687 -38406.8 -32371 -26054.3 -19875.8 -14220.9 -9422.47 -5702.95 -3112.4 -1515.61 -654.064 -249.389 -83.991 -25.0094 -6.59047 -1.53749 -0.317332 -0.0578482 -0.00928801 -0.0013082 -0.000160773 -1.712e-05 -1.56527e-06 -1.21685e-07 -8.18538e-09 -6.22615e-10 1.23669e-10 0
-48416 -46062.5 -46069.4 -46116.9 -46405.6 -46624.1 -46138.4 -45253.4 -45273.7 -46878 -48996.6 -49840.4 -48509.1 -45141.2 -40298.9 -34552.9 -28381.2 -22195.8 -16375.2 -11263.8 -7129.2 -4097.44 -2113.98 -970.938 -395.214 -142.389 -45.4356 -12.8561 -3.22828 -0.719424 -0.142148 -0.024854 -0.00383391 -0.000519593 -6.15277e-05 -6.3207e-06 -5.58429e-07 -4.20617e-08 -2.89933e-09 -2.05582e-10 0
-48415.8 -46066.4 -46089.8 -46093.2 -46321.1 -46630.9 -46347.8 -45451.7 -45096.2 -46291.7 -48445.5 -49802.2 -49155.1 -46403.7 -42033.8 -36615.8 -30635.2 -24500.3 -18580.3 -13220.3 -8715.85 -5254.76 -2862.03 -1394.73 -604.485 -232.426 -79.2859 -24.0226 -6.47233 -1.55154 -0.330822 -0.0626658 -0.0105226 -0.00156128 -0.000203812 -2.32767e-05 -2.30933e-06 -1.9718e-07 -1.45331e-08 -1.11198e-09 0
-48415.7 -46067.5 -46111.9 -46086.4 -46240.3 -46594.6 -46512.4 -45693.7 -45047.2 -45792.1 -47828.8 -49580.9 -49587.1 -47470.8 -43605.5 -38550.3 -32801.2 -26766.9 -20808.2 -15264 -10443.3 -6579.38 -3769.28 -1942.76 -894.155 -366.069 -133.198 -43.1106 -12.4281 -3.19442 -0.732251 -0.149609 -0.0272049 -0.0043923 -0.000627528 -7.89834e-05 -8.70817e-06 -8.34856e-07 -6.90555e-08 -5.23463e-09 0
-48415.5 -46065.8 -46133 -46094.2 -46171.4 -46526.1 -46622.9 -45950.4 -45112.2 -45405.8 -47191.9 -49204.2 -49811.6 -48340 -45008.6 -40348.8 -34866.8 -28977.1 -23034.1 -17367.4 -12288.4 -8059.97 -4839.25 -2629.41 -1281.59 -557.374 -215.867 -74.4734 -22.9169 -6.29814 -1.54703 -0.339627 -0.0665822 -0.0116368 -0.00180847 -0.000249042 -3.02507e-05 -3.22213e-06 -2.98898e-07 -2.44073e-08 0
-48415.4 -46061.8 -46150.8 -46113.5 -46120 -46437.5 -46676.9 -46195.2 -45269 -45147.5 -46580 -48705.4 -49839.5 -49009.8 -46238.7 -42005.1 -36822.6 -31115.7 -25236.2 -19504.2 -14225.9 -9679.98 -6069.15 -3464.76 -1783.25 -821.902 -338.123 -124.096 -40.6741 -11.9231 -3.1294 -0.735764 -0.154915 -0.0291781 -0.00490691 -0.000734801 -9.76253e-05 -1.14539e-05 -1.17985e-06 -1.06584e-07 0
-48415.3 -46056.2 -46163.7 -46140.3 -46089 -46341.5 -46677.7 -46406.5 -45490.7 -45020.4 -46032.9 -48123.4 -49687 -49481.3 -47291.7 -43513.9 -38660.9 -33170.2 -27396.2 -21650.4 -16230.4 -11419.1 -7450.27 -4453.62 -2413.23 -1175.81 -512.755 -199.824 -69.6279 -21.724 -6.0775 -1.52591 -0.343904 -0.0695362 -0.0125976 -0.0020407 -0.000294741 -3.78136e-05 -4.28874e-06 -4.29105e-07 0
-48415.2 -46049.8 -46171.3 -46170.2 -46078.4 -46249.5 -46633.4 -46569.1 -45748.2 -45016.4 -45582.4 -47499.9 -49376 -49757.9 -48164.1 -44870.3 -40375.4 -35131.1 -29498.9 -23785.2 -18277.3 -13254.6 -8968.79 -5595.12 -3182.01 -1634.7 -754.049 -311.456 -115.171 -38.1736 -11.3586 -3.03786 -0.730745 -0.158085 -0.0307331 -0.00536132 -0.000837393 -0.000116758 -1.44764e-05 -1.59434e-06 0
-48415.2 -46043.3 -46173.4 -46199.5 -46086.3 -46170.7 -46555.4 -46674.8 -46013.3 -45119 -45249.8 -46877.6 -48934.2 -49846.9 -48853.6 -46069.8 -41960.9 -36990.5 -31531.9 -25890.4 -20343.8 -15163.3 -10607 -6882.83 -4095.46 -2212.32 -1077.02 -470.631 -184.38 -64.8119 -20.4723 -5.81963 -1.49032 -0.343939 -0.0715097 -0.0133817 -0.00225011 -0.000339181 -4.56921e-05 -5.50285e-06 0
-48415.2 -46037.1 -46170.8 -46225 -46108.7 -46111.5 -46456.7 -46721.8 -46260.4 -45304.8 -45045.4 -46297.7 -48395 -49760.1 -49359.4 -47108.3 -43412.5 -38742.2 -33485.3 -27951 -22409.6 -17122 -12344.8 -8305.41 -5154.33 -2919.39 -1496.43 -690.458 -286.12 -106.495 -35.6497 -10.7506 -2.92441 -0.71812 -0.159207 -0.0318499 -0.00574295 -0.000931684 -0.000135653 -1.77607e-05 0
-48415.2 -46031.8 -46164.6 -46244.3 -46141 -46075.2 -46350.7 -46714.2 -46469.2 -45546.6 -44968.3 -45795.2 -47796 -49514.3 -49682.8 -47982 -44725.8 -40380.9 -35351.4 -29954.6 -24457 -19109.1 -14160.6 -9847.63 -6354.22 -3762.64 -2025.63 -984.887 -430.979 -169.601 -60.077 -19.1866 -5.53314 -1.44247 -0.340111 -0.0725218 -0.0139747 -0.00243038 -0.000380731 -5.3914e-05 0
-48415.2 -46027.6 -46156.1 -46256.3 -46178 -46062.2 -46249.5 -46660.7 -46625.9 -45816 -45007.8 -45396.9 -47176.9 -49132.2 -49828.1 -48687.8 -45896.7 -41902.1 -37123.7 -31891.1 -26471 -21105.1 -16033 -11491.5 -7686.03 -4744.2 -2675.45 -1367.85 -630.982 -262.148 -98.1224 -33.1369 -10.1136 -2.79351 -0.698904 -0.158426 -0.0325267 -0.00604332 -0.00101458 -0.000154702 0
-48415.3 -46024.6 -46146.7 -46260.9 -46214.9 -46070.2 -46162.9 -46573.4 -46723.2 -46085.5 -45145.5 -45119.3 -46578 -48641.8 -49803.4 -49223.5 -46920.8 -43301.6 -38797.1 -33752.5 -28439.2 -23092.6 -17941.7 -13217.5 -9136.78 -5861.45 -3453.29 -1852.24 -899.072 -393.763 -155.532 -55.4653 -17.8884 -5.22594 -1.38455 -0.332864 -0.0726218 -0.0143712 -0.00257673 -0.000421436 0
-48415.3 -46022.8 -46137.6 -46258.7 -46247.6 -46095.3 -46097.9 -46465.7 -46760.6 -46330.8 -45357.2 -44968.2 -46036.3 -48076.2 -49621.4 -49588.9 -47794.2 -44575.3 -40367.1 -35532.5 -30351.4 -25056.8 -19867.6 -15005.8 -10690.6 -7107.33 -4362.46 -2448.91 -1248.37 -575.471 -239.552 -90.0972 -30.6638 -9.46006 -2.64932 -0.674145 -0.155927 -0.0327774 -0.00625738 -0.00109408 0
-48415.3 -46021.9 -46129.9 -46251 -46273.1 -46132.1 -46058 -46351.4 -46742.8 -46533.4 -45615.8 -44939.4 -45582.3 -47471.8 -49300 -49785.8 -48513.3 -45719.1 -41829.9 -37225.8 -32199.6 -26985.2 -21793.9 -16837 -12329.8 -8470.91 -5401.9 -3165.76 -1691.28 -819.261 -358.932 -142.204 -51.0103 -16.5959 -4.90516 -1.31868 -0.322679 -0.0718826 -0.0145718 -0.00271569 0
-48415.4 -46021.7 -46124.4 -46239.6 -46289.6 -46174.9 -46043.6 -46243.1 -46679.3 -46680.9 -45893.3 -45019.7 -45237.7 -46866.8 -48862.5 -49819.5 -49075.1 -46729.1 -43181.6 -38828.1 -33977 -28867.6 -23705.9 -18693 -14036 -9938.32 -6566.36 -4007.09 -2238.59 -1137.47 -523.768 -218.331 -82.4511 -28.2542 -8.80108 -2.49569 -0.644883 -0.151921 -0.0326239 -0.00646386 0
-48415.4 -46022 -46121.2 -46226.4 -46296.8 -46218.1 -46052.6 -46151 -46582.6 -46767.2 -46163.5 -45189.3 -45014.7 -46298.3 -48337.4 -49699.1 -49478.1 -47600.9 -44418.6 -40335.7 -35678.6 -30695.7 -25591.2 -20557.3 -15791.1 -11493.6 -7846.85 -4973.22 -2898.56 -1541.99 -745.153 -326.423 -129.637 -46.7383 -15.3245 -4.57709 -1.24688 -0.310049 -0.0703801 -0.0147911 0
-48415.4 -46022.4 -46120.6 -46213.2 -46295.3 -46257 -46080.4 -46082.1 -46466.6 -46793 -46403.8 -45423.3 -44915.3 -45799.3 -47757.4 -49438.5 -49722.3 -48330.9 -45537.1 -41745.1 -37300 -32462.7 -27439.5 -22415.7 -17577.6 -13120 -9231.33 -6060.53 -3676.3 -2043.44 -1034.66 -475.714 -198.472 -75.2067 -25.9268 -8.14602 -2.3361 -0.612127 -0.1466 -0.0326137 0
-48415.4 -46022.7 -46122.1 -46201.5 -46286.5 -46287.9 -46121.6 -46040.1 -46345.3 -46763.9 -46597.2 -45694.8 -44932 -45395.9 -47157.6 -49056.6 -49810.7 -48915.4 -46533 -43052.9 -38837.5 -34163.3 -29242.3 -24255.5 -19379.7 -14800.3 -10705.6 -7261.78 -4573.34 -2650.35 -1403.64 -676.455 -296.164 -117.836 -42.6688 -14.0868 -4.24722 -1.17098 -0.295374 -0.0694352 0
-48415.4 -46022.6 -46125.4 -46192.5 -46272.5 -46308.6 -46169.6 -46025.6 -46231.5 -46690.1 -46732.9 -45976.9 -45049.8 -45105.4 -46574.4 -48577.4 -49749.5 -49352 -47402.3 -44255.9 -40288 -35793.3 -30992.7 -26066.4 -21183.2 -16518 -12254.2 -8566.68 -5587.51 -3368.48 -1862.5 -939.47 -431.149 -179.949 -68.3781 -23.6964 -7.50275 -2.17363 -0.576599 -0.143 0
-48415.3 -46022 -46129.7 -46186.8 -46255.7 -46318.4 -46218.5 -46036 -46135.5 -46584.3 -46806.5 -46244.5 -45247.4 -44935.7 -46041.7 -48029.6 -49548.9 -49639.5 -48141 -45350.3 -41648.4 -37348.9 -32685.1 -27839.8 -22975.8 -18257.9 -13861.2 -9962.68 -6713.18 -4200.39 -2419.91 -1275.57 -612.883 -268.075 -106.801 -38.8158 -12.8927 -3.92027 -1.09213 -0.285357 0
-48415.3 -46020.8 -46134.6 -46184.6 -46238.5 -46317.9 -46262.8 -46066.8 -46064.4 -46460.8 -46819.4 -46476.9 -45499.9 -44885.3 -45588.6 -47445.3 -49224 -49778.9 -48745.3 -46332.5 -42915.8 -38827.2 -34315.3 -29568.6 -24746.8 -20005.9 -15511 -11435.7 -7941.73 -5145.22 -3082.17 -1694.89 -851.472 -389.911 -162.73 -61.9724 -21.5741 -6.87783 -2.00977 -0.552562 0
-48415.2 -46019 -46139.3 -46185.6 -46222.8 -46308.5 -46298.5 -46111.9 -46021.9 -46333.8 -46778.4 -46658.7 -45780.7 -44944.2 -45236.7 -46858.5 -48794.6 -49773.9 -49212 -47198.5 -44087.1 -40225.4 -35879.6 -31247.2 -26487.7 -21749.8 -17188.8 -12970.9 -9262.11 -6198.83 -3852.7 -2206.14 -1157.17 -554.164 -242.071 -96.5225 -35.1882 -11.7505 -3.59758 -1.03968 0
-48415.2 -46016.7 -46143.4 -46189.3 -46210.2 -46292.7 -46323 -46164.7 -46008.2 -46216.1 -46694.1 -46780.9 -46064 -45095.4 -44999.4 -46303.2 -48285.4 -49632 -49539 -47944.2 -45158.9 -41540.8 -37375 -32871 -28191.1 -23479.2 -18880.9 -14553.7 -10661.6 -7354.09 -4731.8 -2816.03 -1539.79 -770.247 -351.837 -146.773 -55.9908 -19.5682 -6.27097 -1.90317 0
-48415.2 -46014 -46146.6 -46194.9 -46201.6 -46273.1 -46335.2 -46218.5 -46020.7 -46117.8 -46579.7 -46840.3 -46326.2 -45317.1 -44880.7 -45810.3 -47725 -49364.6 -49725.8 -48565.6 -46127.6 -42770.7 -38798.9 -34436.4 -29851.2 -25185 -20575.4 -16169.7 -12126.7 -8601.46 -5716.68 -3528.72 -2008.01 -1047.85 -500.03 -218.061 -86.9837 -31.7919 -10.6548 -3.39307 0
-48415.2 -46011.1 -46148.6 -46201.5 -46197.6 -46252.4 -46335.5 -46267.5 -46054.7 -46045.9 -46449.6 -46839.8 -46548.2 -45584.2 -44876.1 -45404.7 -47145.1 -48987.7 -49774.1 -49059.2 -46989.6 -43912.4 -40148.9 -35940.3 -31463.4 -26859.9 -22261.5 -17805.9 -13643.4 -9929.59 -6801.64 -4345.54 -2568.85 -1396.43 -695.397 -316.766 -132.033 -50.4316 -17.6614 -5.89773 0
-48415.2 -46008.2 -46149.4 -46208.2 -46197.8 -46233.1 -46325.7 -46307.3 -46103.7 -46003.9 -46318.1 -46786.6 -46716.7 -45870.9 -44973.3 -45104.3 -46578.1 -48522.2 -49688.9 -49422.1 -47740.7 -44962.7 -41422.7 -37380.3 -33023.8 -28498 -23930.4 -19450.1 -15198.2 -11326 -7978.53 -5264.9 -3227.07 -1824.58 -947.072 -450.224 -195.953 -78.1685 -28.5846 -10.0035 0
-48415.2 -46005.3 -46149.2 -46214.3 -46201.6 -46217.2 -46308.3 -46334.9 -46160.8 -45991.9 -46197.6 -46692.1 -46824.1 -46152.2 -45154 -44918.5 -46055.6 -47993.1 -49478.6 -49652.7 -48376.9 -45918.3 -42617.9 -38754.1 -34529.4 -30094.2 -25574.5 -21092 -16778.3 -12777.7 -9237.3 -6282.43 -3984.89 -2339.49 -1264.11 -626.546 -284.534 -118.468 -45.2046 -16.5716 0
-48415.1 -46002.6 -46148.2 -46219.1 -46208.1 -46205.9 -46286.1 -46349.1 -46218.9 -46007.1 -46098.3 -46569.8 -46868.7 -46406.5 -45395.7 -44847.9 -45604.9 -47429.1 -49155.9 -49751.3 -48894.5 -46775.6 -43731.8 -40059.7 -35977.7 -31644.8 -27187.5 -22722.4 -18372 -14271.8 -10566.6 -7391.32 -4841.82 -2946.45 -1654.96 -854.308 -404.494 -175.667 -69.8996 -26.8317 0
-48415.1 -46000.2 -46146.6 -46222.4 -46216.3 -46199.9 -46262.4 -46350.4 -46272 -46044.5 -46026.8 -46434 -46854.4 -46616.4 -45673.7 -44885.4 -45247.6 -46860.7 -48738 -49720.6 -49290 -47530.8 -44761.7 -41294.9 -37366.6 -33146.6 -28764.5 -24333.7 -19968.8 -15796 -11954.4 -8582.77 -5794.71 -3648.42 -2126.92 -1142.15 -563.328 -255.015 -105.75 -42.4928 0
-48415.1 -45998.1 -46144.7 -46223.9 -46224.8 -46199.1 -46239.8 -46340.2 -46315.3 -46097.3 -45986.3 -46299 -46789.2 -46770.3 -45962.9 -45016.8 -44997.6 -46318.9 -48246.2 -49566.6 -49561.1 -48179.7 -45704.5 -42457.7 -38694.2 -34597 -30301.4 -25919.4 -21559.5 -17338.8 -13388.5 -9846.54 -6838.01 -4445.9 -2685.66 -1498.33 -769.064 -362.652 -156.624 -65.864 0
-48415.1 -45996.2 -46142.9 -46223.9 -46232.8 -46202.7 -46220.8 -46321.4 -46345.6 -46158.3 -45976.8 -46177 -46685 -46862.1 -46239.7 -45222.8 -44860.8 -45832.5 -47706.1 -49298.8 -49706.7 -48718.6 -46556.7 -43545.6 -39958.5 -35993.9 -31794.8 -27474.4 -23136.4 -18889.9 -14857 -11171.5 -7964.13 -5336.87 -3334.81 -1930.16 -1029.92 -505.498 -227.223 -99.9798 0