2 2 2 2 2 2 2 2 2 2 2 2 2 2 2 2 2 2 2 2 2 2 2 2 2 2 2 2 2 2 2 2 2 2 2 2 2 2 2 2 2
2 2 2 2 2 2 2 2 2 2 2 2 2 2 2 2 2 2 2 2 2 2 2 2 2 2 2 2 2 2 2 2 2 2 2 2 2 2 2 2 2
2 2 2 2 2 2 2 2 2 2 2 2 2 2 2 2 2 2 2 2 2 2 2 2 2 2 2 2 2 2 2 2 2 2 2 2 2 2 2 2 2
2 2 2 2 2 2 2 2 2 2 2 2 2 2 2 2 2 2 2 2 2 2 2 2 2 2 2 2 2 2 2 2 2 2 2 2 2 2 2 2 2
2 2 2 2 2 2 2 2 2 2 2 2 2 2 2 2 2 2 2 2 2 2 2 2 2 2 2 2 2 2 2 2 2 2 2 2 2 2 2 2 2
2 2 2 2 2 2 2 2 2 2 2 2 2 2 2 2 2 2 2 2 2 2 2 2 2 2 2 2 2 2 2 2 2 2 2 2 2 2 2 2 2
2 2 2 2 2 2 2 2 2 2 2 2 2 2 2 2 2 2 2 2 2 2 2 2 2 2 2 2 2 2 2 2 2 2 2 2 2 2 2 2 2
2 2 2 2 2 2 2 2 2 2 2 2 2 2 2 2 2 2 2 2 2 2 2 2 2 2 2 2 2 2 2 2 2 2 2 2 2 2 2 2 2
2 2 2 2 2 2 2 2 2 2 2 2 2 2 2 2 2 2 2 2 2 2 2 2 2 2 2 2 2 2 2 2 2 2 2 2 2 2 2 2 2
2 2 2 2 2 2 2 2 2 2 2 2 2 2 2 2 2 2 2 2 2 2 2 2 2 2 2 2 2 2 2 2 2 2 2 2 2 2 2 2 2
2 2 2 2 2 2 2 2 2 2 2 2 2 2 2 2 2 2 2 2 2 2 2 2 2 2 2 2 2 2 2 2 2 2 2 2 2 2 2 2 2
2 2 2 2 2 2 2 2 2 2 2 2 2 2 2 2 2 2 2 2 2 2 2 2 2 2 2 2 2 2 2 2 2 2 2 2 2 2 2 2 2
2 2 2 2 2 2 2 2 2 2 2 2 2 2 2 2 2 2 2 2 2 2 2 2 2 2 2 2 2 2 2 2 2 2 2 2 2 2 2 2 2
2 2 2 2 2 2 2 2 2 2 2 2 2 2 2 2 2 2 2 2 2 2 2 2 2 2 2 2 2 2 2 2 2 2 2 2 2 2 2 2 2
2 2 2 2 2 2 2 2 2 2 2 2 2 2 2 2 2 2 2 2 2 2 2 2 2 2 2 2 2 2 2 2 2 2 2 2 2 2 2 2 2
2.19893 2 2 2 2 2 2 2 2 2 2 2 2 2 2 2 2 2 2 2 2 2 2 2 2 2 2 2 2 2 2 2 2 2 2 2 2 2 2 2 2
2.23295 2.04784 2.00167 2 2 2 2 2 2 2 2 2 2 2 2 2 2 2 2 2 2 2 2 2 2 2 2 2 2 2 2 2 2 2 2 2 2 2 2 2 2
2.24536 2.08562 2.01999 2.00074 2 2 2 2 2 2 2 2 2 2 2 2 2 2 2 2 2 2 2 2 2 2 2 2 2 2 2 2 2 2 2 2 2 2 2 2 2
2.24971 2.11935 2.0447 2.00779 2.00028 2 2 2 2 2 2 2 2 2 2 2 2 2 2 2 2 2 2 2 2 2 2 2 2 2 2 2 2 2 2 2 2 2 2 2 2
2.25056 2.14752 2.07241 2.02123 2.00297 2.0001 2 2 2 2 2 2 2 2 2 2 2 2 2 2 2 2 2 2 2 2 2 2 2 2 2 2 2 2 2 2 2 2 2 2 2
2.25023 2.16899 2.10081 2.03962 2.00961 2.0011 2.00003 2 2 2 2 2 2 2 2 2 2 2 2 2 2 2 2 2 2 2 2 2 2 2 2 2 2 2 2 2 2 2 2 2 2
2.24968 2.18412 2.12793 2.06137 2.0206 2.00416 2.0004 2.00001 2 2 2 2 2 2 2 2 2 2 2 2 2 2 2 2 2 2 2 2 2 2 2 2 2 2 2 2 2 2 2 2 2
2.24924 2.19386 2.15193 2.08498 2.03551 2.01016 2.00174 2.00015 2 2 2 2 2 2 2 2 2 2 2 2 2 2 2 2 2 2 2 2 2 2 2 2 2 2 2 2 2 2 2 2 2
2.24899 2.19935 2.17176 2.10906 2.05352 2.01949 2.00479 2.0007 2.00005 2 2 2 2 2 2 2 2 2 2 2 2 2 2 2 2 2 2 2 2 2 2 2 2 2 2 2 2 2 2 2 2
2.24888 2.20171 2.18702 2.13229 2.07366 2.03202 2.01019 2.00217 2.00028 2.00002 2 2 2 2 2 2 2 2 2 2 2 2 2 2 2 2 2 2 2 2 2 2 2 2 2 2 2 2 2 2 2
2.24889 2.2019 2.19778 2.15348 2.09494 2.0473 2.01829 2.0051 2.00095 2.00011 2.00001 2 2 2 2 2 2 2 2 2 2 2 2 2 2 2 2 2 2 2 2 2 2 2 2 2 2 2 2 2 2
2.24896 2.20072 2.20451 2.17178 2.11638 2.0647 2.02909 2.00998 2.00244 2.0004 2.00004 2 2 2 2 2 2 2 2 2 2 2 2 2 2 2 2 2 2 2 2 2 2 2 2 2 2 2 2 2 2
2.24906 2.19892 2.20788 2.1867 2.137 2.0835 2.04232 2.01711 2.00521 2.00113 2.00017 2.00002 2 2 2 2 2 2 2 2 2 2 2 2 2 2 2 2 2 2 2 2 2 2 2 2 2 2 2 2 2
2.24919 2.1971 2.20868 2.19803 2.156 2.10294 2.05756 2.02654 2.00963 2.00261 2.00051 2.00007 2.00001 2 2 2 2 2 2 2 2 2 2 2 2 2 2 2 2 2 2 2 2 2 2 2 2 2 2 2 2
2.24931 2.1955 2.20766 2.20587 2.17272 2.1223 2.07427 2.03815 2.01597 2.0052 2.00126 2.00022 2.00003 2 2 2 2 2 2 2 2 2 2 2 2 2 2 2 2 2 2 2 2 2 2 2 2 2 2 2 2
2.24942 2.19423 2.20553 2.21056 2.18675 2.14087 2.09188 2.05162 2.02432 2.00921 2.0027 2.00059 2.00009 2.00001 2 2 2 2 2 2 2 2 2 2 2 2 2 2 2 2 2 2 2 2 2 2 2 2 2 2 2
2.24951 2.19332 2.20285 2.21256 2.19785 2.15807 2.10982 2.06657 2.0346 2.01489 2.0051 2.00135 2.00027 2.00004 2 2 2 2 2 2 2 2 2 2 2 2 2 2 2 2 2 2 2 2 2 2 2 2 2 2 2
2.24957 2.19277 2.20009 2.21244 2.20598 2.17341 2.1275 2.08253 2.04661 2.02234 2.00876 2.00272 2.00065 2.00012 2.00002 2 2 2 2 2 2 2 2 2 2 2 2 2 2 2 2 2 2 2 2 2 2 2 2 2 2
2.24962 2.19254 2.19759 2.21079 2.2113 2.18654 2.14442 2.09905 2.06005 2.03152 2.01388 2.00496 2.0014 2.00031 2.00005 2.00001 2 2 2 2 2 2 2 2 2 2 2 2 2 2 2 2 2 2 2 2 2 2 2 2 2
2.24964 2.19256 2.19554 2.20818 2.21409 2.19724 2.16013 2.11566 2.07456 2.0423 2.02056 2.0083 2.0027 2.0007 2.00014 2.00002 2 2 2 2 2 2 2 2 2 2 2 2 2 2 2 2 2 2 2 2 2 2 2 2 2
2.24965 2.19277 2.19404 2.20511 2.21472 2.20543 2.17425 2.13193 2.08976 2.05444 2.02881 2.01293 2.00478 2.00142 2.00034 2.00006 2.00001 2 2 2 2 2 2 2 2 2 2 2 2 2 2 2 2 2 2 2 2 2 2 2 2
2.24964 2.19312 2.1931 2.20199 2.21366 2.21115 2.18652 2.14745 2.10526 2.06766 2.03853 2.01895 2.00783 2.00265 2.00072 2.00016 2.00003 2 2 2 2 2 2 2 2 2 2 2 2 2 2 2 2 2 2 2 2 2 2 2 2
2.24963 2.19357 2.1927 2.19915 2.2114 2.21455 2.19674 2.1619 2.12071 2.08165 2.04955 2.0264 2.01203 2.00457 2.00142 2.00036 2.00007 2.00001 2 2 2 2 2 2 2 2 2 2 2 2 2 2 2 2 2 2 2 2 2 2 2
2.24962 2.19404 2.19275 2.19682 2.20839 2.21587 2.2048 2.17498 2.13575 2.09608 2.06163 2.03521 2.01749 2.00737 2.00258 2.00074 2.00017 2.00003 2 2 2 2 2 2 2 2 2 2 2 2 2 2 2 2 2 2 2 2 2 2 2
2.2496 2.19446 2.19314 2.1951 2.20507 2.21546 2.2107 2.18647 2.15009 2.11065 2.07452 2.04523 2.02424 2.01119 2.00435 2.00141 2.00037 2.00008 2.00001 2 2 2 2 2 2 2 2 2 2 2 2 2 2 2 2 2 2 2 2 2 2
2.24959 2.1948 2.19376 2.19403 2.20182 2.21369 2.21451 2.19621 2.16346 2.12506 2.08794 2.0563 2.03224 2.01615 2.00691 2.00249 2.00074 2.00018 2.00004 2.00001 2 2 2 2 2 2 2 2 2 2 2 2 2 2 2 2 2 2 2 2 2
2.24959 2.19502 2.19449 2.19357 2.19892 2.21097 2.21638 2.20409 2.17563 2.13903 2.10163 2.0682 2.0414 2.02228 2.0104 2.00413 2.00138 2.00038 2.00009 2.00002 2 2 2 2 2 2 2 2 2 2 2 2 2 2 2 2 2 2 2 2 2
2.24958 2.19513 2.19523 2.19364 2.19658 2.20771 2.21654 2.21007 2.18642 2.15234 2.11533 2.08068 2.05156 2.02958 2.01491 2.00647 2.00238 2.00074 2.00019 2.00004 2.00001 2 2 2 2 2 2 2 2 2 2 2 2 2 2 2 2 2 2 2 2
2.24958 2.19512 2.1959 2.19413 2.19489 2.20429 2.21529 2.21417 2.1957 2.16477 2.12881 2.09352 2.06255 2.03796 2.0205 2.00966 2.0039 2.00133 2.00038 2.00009 2.00002 2 2 2 2 2 2 2 2 2 2 2 2 2 2 2 2 2 2 2 2
2.24959 2.19502 2.19643 2.1949 2.19387 2.20102 2.21296 2.21648 2.20336 2.17615 2.14185 2.1065 2.07417 2.04732 2.02717 2.01377 2.00605 2.00227 2.00072 2.0002 2.00004 2.00001 2 2 2 2 2 2 2 2 2 2 2 2 2 2 2 2 2 2 2
2.24959 2.19485 2.19679 2.19583 2.1935 2.19818 2.20992 2.21716 2.20934 2.18632 2.15426 2.11941 2.08621 2.05749 2.03487 2.01888 2.00896 2.00367 2.00128 2.00038 2.0001 2.00002 2 2 2 2 2 2 2 2 2 2 2 2 2 2 2 2 2 2 2
2.24959 2.19468 2.19698 2.19678 2.19368 2.19593 2.20651 2.21642 2.21364 2.19517 2.16588 2.13205 2.09847 2.0683 2.04349 2.02499 2.01272 2.00564 2.00216 2.0007 2.0002 2.00005 2.00001 2 2 2 2 2 2 2 2 2 2 2 2 2 2 2 2 2 2
2.2496 2.1945 2.19701 2.19764 2.1943 2.19436 2.20308 2.21453 2.21631 2.20261 2.17656 2.14426 2.11078 2.07958 2.05291 2.03206 2.01739 2.00831 2.00344 2.00123 2.00038 2.0001 2.00002 2 2 2 2 2 2 2 2 2 2 2 2 2 2 2 2 2 2
2.2496 2.19434 2.19691 2.19834 2.19521 2.19347 2.19991 2.21179 2.21743 2.20856 2.18618 2.15588 2.12296 2.09116 2.06298 2.04001 2.02299 2.01175 2.00525 2.00204 2.00068 2.0002 2.00005 2.00001 2 2 2 2 2 2 2 2 2 2 2 2 2 2 2 2 2
2.24961 2.19421 2.19671 2.19883 2.19627 2.19324 2.19722 2.20854 2.21716 2.213 2.19464 2.16678 2.13485 2.10286 2.07356 2.04875 2.0295 2.01602 2.00769 2.00322 2.00117 2.00037 2.0001 2.00002 2 2 2 2 2 2 2 2 2 2 2 2 2 2 2 2 2
2.24961 2.19412 2.19646 2.19909 2.19735 2.19356 2.19515 2.20508 2.21572 2.21594 2.20184 2.17685 2.14631 2.11454 2.08448 2.05815 2.03685 2.02116 2.01084 2.00488 2.00192 2.00065 2.00019 2.00005 2.00001 2 2 2 2 2 2 2 2 2 2 2 2 2 2 2 2
2.24961 2.19405 2.1962 2.19915 2.19833 2.19431 2.19377 2.20172 2.21334 2.21744 2.20773 2.18598 2.15724 2.12604 2.09558 2.06806 2.04496 2.02716 2.01476 2.00711 2.00301 2.00111 2.00036 2.0001 2.00002 2.00001 2 2 2 2 2 2 2 2 2 2 2 2 2 2 2
2.24962 2.19401 2.19596 2.19902 2.19912 2.19535 2.19308 2.19871 2.21033 2.21761 2.21226 2.19407 2.16751 2.13725 2.10675 2.07835 2.05373 2.03396 2.01948 2.01 2.00453 2.0018 2.00062 2.00019 2.00005 2.00001 2 2 2 2 2 2 2 2 2 2 2 2 2 2 2
2.24962 2.194 2.19576 2.19877 2.19967 2.19652 2.19302 2.19622 2.20696 2.2166 2.21543 2.20106 2.17703 2.14806 2.11783 2.08889 2.06302 2.0415 2.02501 2.01359 2.00657 2.0028 2.00104 2.00034 2.0001 2.00002 2.00001 2 2 2 2 2 2 2 2 2 2 2 2 2 2
2.24962 2.194 2.19562 2.19843 2.19996 2.1977 2.1935 2.19437 2.20354 2.21462 2.21726 2.20687 2.18571 2.15836 2.12872 2.09953 2.07272 2.04968 2.03131 2.01794 2.00921 2.00419 2.00168 2.00059 2.00018 2.00005 2.00001 2 2 2 2 2 2 2 2 2 2 2 2 2 2
2.24962 2.19403 2.19555 2.19807 2.20002 2.19875 2.19439 2.19322 2.20031 2.2119 2.21782 2.21146 2.19348 2.16807 2.13932 2.11018 2.0827 2.05839 2.03831 2.02303 2.01251 2.00606 2.0026 2.00098 2.00033 2.0001 2.00002 2.00001 2 2 2 2 2 2 2 2 2 2 2 2 2
2.24963 2.19405 2.19554 2.19773 2.19986 2.19959 2.19553 2.19275 2.19749 2.2087 2.21723 2.21481 2.20026 2.17711 2.14954 2.12071 2.09285 2.06754 2.04595 2.02886 2.01651 2.00848 2.00388 2.00157 2.00056 2.00018 2.00005 2.00001 2 2 2 2 2 2 2 2 2 2 2 2 2
2.24963 2.19408 2.19558 2.19745 2.19956 2.20018 2.1968 2.19288 2.19525 2.20531 2.21564 2.21693 2.20599 2.18539 2.15928 2.13105 2.10305 2.07699 2.05413 2.03538 2.02121 2.01151 2.00559 2.00241 2.00092 2.00031 2.00009 2.00002 2.00001 2 2 2 2 2 2 2 2 2 2 2 2
2.24963 2.19409 2.19567 2.19724 2.19916 2.20048 2.19803 2.19353 2.19366 2.20197 2.21325 2.21784 2.21062 2.19286 2.16849 2.14109 2.11321 2.08665 2.06274 2.04251 2.02661 2.01518 2.0078 2.00358 2.00145 2.00052 2.00017 2.00005 2.00001 2 2 2 2 2 2 2 2 2 2 2 2
2.24963 2.19408 2.19578 2.19712 2.19872 2.20052 2.19912 2.19454 2.19276 2.19892 2.21028 2.21764 2.21411 2.19944 2.17709 2.15077 2.12324 2.09641 2.07169 2.05018 2.03267 2.01953 2.01058 2.00514 2.00223 2.00086 2.00029 2.00009 2.00002 2.00001 2 2 2 2 2 2 2 2 2 2 2
2.24962 2.19406 2.1959 2.19709 2.1983 2.20033 2.19999 2.19579 2.19252 2.19634 2.207 2.21643 2.21647 2.20508 2.18502 2.16002 2.13305 2.10618 2.08088 2.0583 2.03934 2.02453 2.01396 2.00717 2.00329 2.00135 2.00049 2.00016 2.00005 2.00001 2 2 2 2 2 2 2 2 2 2 2
2.24962 2.19403 2.19601 2.19713 2.19795 2.19997 2.20057 2.19712 2.19285 2.19437 2.20364 2.21439 2.2177 2.20973 2.19221 2.16878 2.14259 2.11588 2.09021 2.06678 2.04653 2.03017 2.01797 2.00971 2.00472 2.00205 2.00079 2.00027 2.00008 2.00002 2.00001 2 2 2 2 2 2 2 2 2 2
2.24962 2.19397 2.1961 2.19724 2.19769 2.19951 2.20085 2.19839 2.19365 2.19305 2.20044 2.2117 2.21785 2.21334 2.1986 2.17698 2.15179 2.12544 2.0996 2.07551 2.05418 2.03639 2.0226 2.01282 2.00658 2.00303 2.00124 2.00046 2.00015 2.00004 2.00001 2 2 2 2 2 2 2 2 2 2
2.24962 2.19391 2.19617 2.19738 2.19753 2.19901 2.20086 2.1995 2.19479 2.19241 2.19761 2.20859 2.21702 2.2159 2.20415 2.18458 2.16059 2.13478 2.10896 2.08442 2.0622 2.04314 2.02785 2.01652 2.00891 2.00433 2.00189 2.00074 2.00026 2.00008 2.00002 2.00001 2 2 2 2 2 2 2 2 2
2.24962 2.19384 2.19622 2.19754 2.19748 2.19853 2.20063 2.20035 2.19612 2.19239 2.19529 2.20528 2.21533 2.21742 2.2088 2.19152 2.16894 2.14386 2.11823 2.09342 2.0705 2.05035 2.03366 2.02082 2.01177 2.00603 2.00278 2.00115 2.00042 2.00014 2.00004 2.00001 2 2 2 2 2 2 2 2 2
2.24962 2.19377 2.19623 2.1977 2.19752 2.19812 2.20022 2.2009 2.19749 2.19291 2.1936 2.20201 2.21295 2.21791 2.21251 2.19774 2.17679 2.15262 2.12735 2.10245 2.079 2.05793 2.03999 2.02569 2.01518 2.00817 2.00397 2.00173 2.00068 2.00024 2.00008 2.00002 2.00001 2 2 2 2 2 2 2 2
2.24962 2.19371 2.19623 2.19784 2.19764 2.19782 2.19971 2.20115 2.19877 2.19387 2.19256 2.199 2.21005 2.21743 2.21525 2.2032 2.1841 2.16102 2.13627 2.11142 2.08763 2.06582 2.04678 2.03112 2.01916 2.0108 2.00552 2.00254 2.00105 2.00039 2.00013 2.00004 2.00001 2 2 2 2 2 2 2 2
2.24963 2.19365 2.1962 2.19795 2.19781 2.19763 2.19915 2.20111 2.19986 2.19511 2.19217 2.1964 2.20686 2.2161 2.21702 2.20784 2.1908 2.169 2.14493 2.12029 2.09631 2.07393 2.05395 2.03706 2.02369 2.01394 2.00748 2.00363 2.00159 2.00062 2.00022 2.00007 2.00002 2.00001 2 2 2 2 2 2 2
2.24963 2.1936 2.19616 2.19801 2.198 2.19757 2.19863 2.20083 2.20069 2.1965 2.19237 2.19436 2.2036 2.21403 2.21781 2.21163 2.19686 2.17653 2.15329 2.12901 2.10499 2.08219 2.06144 2.04345 2.02876 2.01762 2.00989 2.00504 2.00232 2.00096 2.00036 2.00012 2.00004 2.00001 2 2 2 2 2 2 2
2.24963 2.19355 2.19612 2.19804 2.19819 2.19761 2.19818 2.20038 2.2012 2.19789 2.19307 2.19295 2.20047 2.21139 2.21768 2.21453 2.20223 2.18356 2.16131 2.13753 2.1136 2.09054 2.06917 2.05023 2.03432 2.02183 2.01279 2.00683 2.00331 2.00145 2.00057 2.0002 2.00007 2.00002 2.00001 2 2 2 2 2 2
2.24963 2.19351 2.19608 2.19803 2.19836 2.19774 2.19785 2.19981 2.20139 2.19917 2.19416 2.19218 2.19766 2.20836 2.21669 2.21651 2.20685 2.19005 2.16896 2.1458 2.1221 2.09891 2.07707 2.05733 2.04033 2.02655 2.01619 2.00905 2.0046 2.00212 2.00088 2.00033 2.00011 2.00003 2.00001 2 2 2 2 2 2
2.24963 2.19347 2.19605 2.198 2.1985 2.19793 2.19764 2.19922 2.2013 2.20023 2.19549 2.19204 2.19533 2.20516 2.21495 2.21759 2.2107 2.19595 2.17619 2.1538 2.13044 2.10725 2.08509 2.0647 2.04674 2.03177 2.0201 2.01171 2.00624 2.00302 2.00132 2.00052 2.00019 2.00006 2.00002 2 2 2 2 2 2
2.24963 2.19343 2.19602 2.19794 2.19859 2.19816 2.19757 2.19866 2.20097 2.201 2.19692 2.19245 2.19356 2.20199 2.21258 2.21777 2.21373 2.20123 2.18297 2.16149 2.13859 2.11552 2.09316 2.07226 2.05348 2.03742 2.0245 2.01486 2.00827 2.00419 2.00193 2.0008 2.0003 2.0001 2.00003 2.00001 2 2 2 2 2
2.24963 2.1934 2.19601 2.19788 2.19863 2.19838 2.19762 2.19818 2.20047 2.20146 2.19832 2.19331 2.19243 2.19903 2.20977 2.21712 2.21592 2.20584 2.18926 2.16883 2.14651 2.12367 2.10123 2.07995 2.06049 2.04347 2.02938 2.01848 2.01072 2.00569 2.00274 2.0012 2.00048 2.00017 2.00006 2.00002 2 2 2 2 2
2.24963 2.19337 2.19602 2.19781 2.19862 2.19859 2.19776 2.19782 2.19986 2.20159 2.19958 2.19451 2.19193 2.19645 2.20668 2.21571 2.21725 2.20973 2.19503 2.17579 2.15418 2.13166 2.10925 2.08772 2.06772 2.04986 2.0347 2.02259 2.01362 2.00754 2.00381 2.00175 2.00073 2.00028 2.0001 2.00003 2.00001 2 2 2 2
2.24963 2.19334 2.19603 2.19776 2.19858 2.19875 2.19797 2.19761 2.19923 2.20144 2.20059 2.19591 2.19201 2.19438 2.20352 2.21364 2.21773 2.21288 2.20022 2.18234 2.16155 2.13948 2.1172 2.09552 2.07509 2.05653 2.04041 2.02715 2.01698 2.0098 2.00518 2.00249 2.00109 2.00043 2.00016 2.00005 2.00002 2 2 2 2
2.24963 2.19331 2.19605 2.19771 2.19851 2.19886 2.19822 2.19753 2.19864 2.20106 2.2013 2.19737 2.19262 2.1929 2.20047 2.21106 2.2174 2.21524 2.2048 2.18845 2.16861 2.14707 2.12502 2.1033 2.08257 2.06343 2.04646 2.03214 2.0208 2.01247 2.00687 2.00346 2.00159 2.00066 2.00025 2.00009 2.00003 2.00001 2 2 2
2.24963 2.19327 2.19608 2.19769 2.19842 2.19891 2.19848 2.19759 2.19814 2.2005 2.20169 2.19876 2.19363 2.19204 2.19771 2.20814 2.21631 2.2168 2.20873 2.19407 2.17533 2.15443 2.1327 2.11103 2.0901 2.0705 2.05281 2.03753 2.02507 2.01558 2.00894 2.0047 2.00226 2.00099 2.00039 2.00014 2.00005 2.00001 2 2 2
2.24963 2.19323 2.19611 2.19768 2.19834 2.19891 2.19871 2.19775 2.19777 2.19986 2.20176 2.19997 2.19492 2.19179 2.19538 2.20504 2.21455 2.21757 2.21197 2.19918 2.18167 2.16152 2.1402 2.11867 2.09764 2.07769 2.05939 2.04326 2.02975 2.01914 2.01141 2.00625 2.00314 2.00144 2.0006 2.00023 2.00008 2.00003 2.00001 2 2
2.24963 2.19319 2.19614 2.19769 2.19826 2.19886 2.1989 2.19798 2.19756 2.1992 2.20154 2.20093 2.19637 2.19209 2.19358 2.20196 2.21224 2.21754 2.21449 2.20373 2.1876 2.16833 2.1475 2.12619 2.10514 2.08495 2.06616 2.04929 2.03482 2.02312 2.01428 2.00815 2.00426 2.00204 2.00089 2.00036 2.00013 2.00004 2.00001 2 2
2.24963 2.19314 2.19617 2.19772 2.19819 2.19878 2.19903 2.19826 2.19748 2.19859 2.2011 2.20157 2.19784 2.19286 2.19237 2.19907 2.20951 2.21677 2.21626 2.20769 2.1931 2.17481 2.15458 2.13357 2.11259 2.09225 2.07307 2.05557 2.04025 2.02751 2.01758 2.01042 2.00568 2.00284 2.00129 2.00054 2.00021 2.00007 2.00002 2.00001 2
2.24963 2.19309 2.19619 2.19775 2.19815 2.19868 2.19909 2.19854 2.19755 2.19808 2.2005 2.20188 2.1992 2.19399 2.19177 2.19653 2.20653 2.21532 2.21728 2.21101 2.19812 2.18095 2.16141 2.14078 2.11995 2.09953 2.08007 2.06205 2.04597 2.03229 2.02129 2.01307 2.00741 2.00386 2.00184 2.0008 2.00032 2.00012 2.00004 2.00001 2
2.24963 2.19304 2.19621 2.19779 2.19813 2.19857 2.19909 2.19879 2.19773 2.19771 2.19982 2.20188 2.20036 2.19537 2.19175 2.19445 2.20347 2.21328 2.21755 2.21367 2.20264 2.18673 2.16797 2.1478 2.12718 2.10678 2.08712 2.06868 2.05196 2.03741 2.02541 2.01613 2.0095 2.00515 2.00256 2.00117 2.00049 2.00019 2.00006 2.00002 2
2.24963 2.19299 2.19622 2.19783 2.19813 2.19847 2.19904 2.199 2.19798 2.19749 2.19914 2.2016 2.20124 2.19685 2.19224 2.19291 2.20051 2.21078 2.21708 2.21563 2.20661 2.1921 2.17424 2.15462 2.13429 2.11396 2.09418 2.07542 2.05815 2.04284 2.0299 2.01959 2.01195 2.00673 2.00349 2.00166 2.00072 2.00029 2.00011 2.00004 2
2.24963 2.19295 2.19623 2.19786 2.19816 2.19839 2.19895 2.19915 2.19828 2.19743 2.19851 2.20111 2.20181 2.19831 2.19317 2.19197 2.1978 2.20796 2.21594 2.21689 2.21001 2.19704 2.1802 2.16121 2.14123 2.12105 2.10122 2.08223 2.06452 2.04854 2.03474 2.02344 2.01478 2.00864 2.00466 2.00231 2.00105 2.00044 2.00017 2.00006 2
2.24963 2.1929 2.19623 2.19789 2.19819 2.19833 2.19884 2.19922 2.19858 2.19751 2.198 2.20047 2.20204 2.19963 2.19441 2.19161 2.19548 2.20498 2.2142 2.21743 2.21279 2.20152 2.18582 2.16755 2.148 2.12802 2.10822 2.08907 2.071 2.05446 2.03989 2.02766 2.018 2.0109 2.00611 2.00315 2.00149 2.00065 2.00026 2.0001 2
2.24963 2.19285 2.19623 2.19791 2.19823 2.1983 2.19872 2.19923 2.19886 2.1977 2.19763 2.19976 2.20197 2.20073 2.19584 2.1918 2.19365 2.20199 2.21195 2.21726 2.21492 2.20551 2.19108 2.17362 2.15457 2.13486 2.11515 2.09591 2.07757 2.06056 2.04531 2.03222 2.02159 2.01352 2.00786 2.00421 2.00207 2.00094 2.00039 2.00016 2
2.24964 2.19281 2.19622 2.19793 2.19828 2.1983 2.1986 2.19918 2.19908 2.19798 2.19742 2.19906 2.20163 2.20154 2.19733 2.19247 2.19238 2.19917 2.20931 2.21642 2.21639 2.20896 2.19594 2.17941 2.16093 2.14156 2.12199 2.10273 2.08419 2.0668 2.05096 2.0371 2.02555 2.01651 2.00993 2.00553 2.00283 2.00133 2.00058 2.00024 2
2.24964 2.19276 2.19622 2.19793 2.19832 2.19832 2.1985 2.19908 2.19924 2.19829 2.19737 2.19842 2.20108 2.20202 2.19877 2.19353 2.19168 2.19666 2.20644 2.21497 2.21719 2.21184 2.20038 2.18489 2.16707 2.14809 2.12872 2.10949 2.09083 2.07314 2.0568 2.04225 2.02985 2.01986 2.01235 2.00713 2.0038 2.00186 2.00084 2.00037 2