100887 100887 100887 100887 100887 100887 100887 100887 100887 100887 100887 100887 100887 100887 100887 100887 100887 100887 100887 100887 100887 100887 100887 100887 100887 100887 100887 100887 100887 100887 100887 100887 100887 100887 100887 100887 100887 100887 100887 100887 100887
100887 100887 100887 100887 100887 100887 100887 100887 100887 100887 100887 100887 100887 100887 100887 100887 100887 100887 100887 100887 100887 100887 100887 100887 100887 100887 100887 100887 100887 100887 100887 100887 100887 100887 100887 100887 100887 100887 100887 100887 100887
100887 100887 100887 100887 100887 100887 100887 100887 100887 100887 100887 100887 100887 100887 100887 100887 100887 100887 100887 100887 100887 100887 100887 100887 100887 100887 100887 100887 100887 100887 100887 100887 100887 100887 100887 100887 100887 100887 100887 100887 100887
100887 100887 100887 100887 100887 100887 100887 100887 100887 100887 100887 100887 100887 100887 100887 100887 100887 100887 100887 100887 100887 100887 100887 100887 100887 100887 100887 100887 100887 100887 100887 100887 100887 100887 100887 100887 100887 100887 100887 100887 100887
100887 100887 100887 100887 100887 100887 100887 100887 100887 100887 100887 100887 100887 100887 100887 100887 100887 100887 100887 100887 100887 100887 100887 100887 100887 100887 100887 100887 100887 100887 100887 100887 100887 100887 100887 100887 100887 100887 100887 100887 100887
100887 100887 100887 100887 100887 100887 100887 100887 100887 100887 100887 100887 100887 100887 100887 100887 100887 100887 100887 100887 100887 100887 100887 100887 100887 100887 100887 100887 100887 100887 100887 100887 100887 100887 100887 100887 100887 100887 100887 100887 100887
100887 100887 100887 100887 100887 100887 100887 100887 100887 100887 100887 100887 100887 100887 100887 100887 100887 100887 100887 100887 100887 100887 100887 100887 100887 100887 100887 100887 100887 100887 100887 100887 100887 100887 100887 100887 100887 100887 100887 100887 100887
100887 100887 100887 100887 100887 100887 100887 100887 100887 100887 100887 100887 100887 100887 100887 100887 100887 100887 100887 100887 100887 100887 100887 100887 100887 100887 100887 100887 100887 100887 100887 100887 100887 100887 100887 100887 100887 100887 100887 100887 100887
100887 100887 100887 100887 100887 100887 100887 100887 100887 100887 100887 100887 100887 100887 100887 100887 100887 100887 100887 100887 100887 100887 100887 100887 100887 100887 100887 100887 100887 100887 100887 100887 100887 100887 100887 100887 100887 100887 100887 100887 100887
100887 100887 100887 100887 100887 100887 100887 100887 100887 100887 100887 100887 100887 100887 100887 100887 100887 100887 100887 100887 100887 100887 100887 100887 100887 100887 100887 100887 100887 100887 100887 100887 100887 100887 100887 100887 100887 100887 100887 100887 100887
100887 100887 100887 100887 100887 100887 100887 100887 100887 100887 100887 100887 100887 100887 100887 100887 100887 100887 100887 100887 100887 100887 100887 100887 100887 100887 100887 100887 100887 100887 100887 100887 100887 100887 100887 100887 100887 100887 100887 100887 100887
100887 100887 100887 100887 100887 100887 100887 100887 100887 100887 100887 100887 100887 100887 100887 100887 100887 100887 100887 100887 100887 100887 100887 100887 100887 100887 100887 100887 100887 100887 100887 100887 100887 100887 100887 100887 100887 100887 100887 100887 100887
100887 100887 100887 100887 100887 100887 100887 100887 100887 100887 100887 100887 100887 100887 100887 100887 100887 100887 100887 100887 100887 100887 100887 100887 100887 100887 100887 100887 100887 100887 100887 100887 100887 100887 100887 100887 100887 100887 100887 100887 100887
100887 100887 100887 100887 100887 100887 100887 100887 100887 100887 100887 100887 100887 100887 100887 100887 100887 100887 100887 100887 100887 100887 100887 100887 100887 100887 100887 100887 100887 100887 100887 100887 100887 100887 100887 100887 100887 100887 100887 100887 100887
100887 100887 100887 100887 100887 100887 100887 100887 100887 100887 100887 100887 100887 100887 100887 100887 100887 100887 100887 100887 100887 100887 100887 100887 100887 100887 100887 100887 100887 100887 100887 100887 100887 100887 100887 100887 100887 100887 100887 100887 100887
73948.2 100887 100887 100887 100887 100887 100887 100887 100887 100887 100887 100887 100887 100887 100887 100887 100887 100887 100887 100887 100887 100887 100887 100887 100887 100887 100887 100887 100887 100887 100887 100887 100887 100887 100887 100887 100887 100887 100887 100887 100887
73596.7 92017.5 100618 100887 100887 100887 100887 100887 100887 100887 100887 100887 100887 100887 100887 100887 100887 100887 100887 100887 100887 100887 100887 100887 100887 100887 100887 100887 100887 100887 100887 100887 100887 100887 100887 100887 100887 100887 100887 100887 100887
73590.1 86229.1 97577.2 100770 100887 100887 100887 100887 100887 100887 100887 100887 100887 100887 100887 100887 100887 100887 100887 100887 100887 100887 100887 100887 100887 100887 100887 100887 100887 100887 100887 100887 100887 100887 100887 100887 100887 100887 100887 100887 100887
73696.8 81707.9 93596.5 99640.7 100844 100887 100887 100887 100887 100887 100887 100887 100887 100887 100887 100887 100887 100887 100887 100887 100887 100887 100887 100887 100887 100887 100887 100887 100887 100887 100887 100887 100887 100887 100887 100887 100887 100887 100887 100887 100887
73826.5 78398.5 89391.6 97493.5 100418 100872 100887 100887 100887 100887 100887 100887 100887 100887 100887 100887 100887 100887 100887 100887 100887 100887 100887 100887 100887 100887 100887 100887 100887 100887 100887 100887 100887 100887 100887 100887 100887 100887 100887 100887 100887
73935.7 76110.8 85385.7 94612.1 99365.5 100713 100882 100887 100887 100887 100887 100887 100887 100887 100887 100887 100887 100887 100887 100887 100887 100887 100887 100887 100887 100887 100887 100887 100887 100887 100887 100887 100887 100887 100887 100887 100887 100887 100887 100887 100887
74010.7 74601.5 81821.3 91325 97632.6 100232 100823 100885 100887 100887 100887 100887 100887 100887 100887 100887 100887 100887 100887 100887 100887 100887 100887 100887 100887 100887 100887 100887 100887 100887 100887 100887 100887 100887 100887 100887 100887 100887 100887 100887 100887
74052.2 73672.5 78858.3 87917 95319.1 99285.5 100614 100864 100886 100887 100887 100887 100887 100887 100887 100887 100887 100887 100887 100887 100887 100887 100887 100887 100887 100887 100887 100887 100887 100887 100887 100887 100887 100887 100887 100887 100887 100887 100887 100887 100887
74066.5 73170.2 76535.1 84618.2 92597.2 97824.1 100134 100776 100879 100887 100887 100887 100887 100887 100887 100887 100887 100887 100887 100887 100887 100887 100887 100887 100887 100887 100887 100887 100887 100887 100887 100887 100887 100887 100887 100887 100887 100887 100887 100887 100887
74061.7 72973.1 74818.6 81597 89655.9 95886.5 99284 100546 100843 100884 100887 100887 100887 100887 100887 100887 100887 100887 100887 100887 100887 100887 100887 100887 100887 100887 100887 100887 100887 100887 100887 100887 100887 100887 100887 100887 100887 100887 100887 100887 100887
74045 72983.9 73640 78970.8 86671.4 93572.7 98019.4 100086 100738 100870 100886 100887 100887 100887 100887 100887 100887 100887 100887 100887 100887 100887 100887 100887 100887 100887 100887 100887 100887 100887 100887 100887 100887 100887 100887 100887 100887 100887 100887 100887 100887
74022.5 73124.9 72914.7 76796.2 83792.4 91010.7 96353.2 99320.6 100503 100824 100881 100887 100887 100887 100887 100887 100887 100887 100887 100887 100887 100887 100887 100887 100887 100887 100887 100887 100887 100887 100887 100887 100887 100887 100887 100887 100887 100887 100887 100887 100887
73999.2 73334 72554.4 75085.4 81136.6 88332.3 94346.1 98209.2 100069 100709 100861 100885 100887 100887 100887 100887 100887 100887 100887 100887 100887 100887 100887 100887 100887 100887 100887 100887 100887 100887 100887 100887 100887 100887 100887 100887 100887 100887 100887 100887 100887
73978 73558.8 72472.7 73819.3 78786.9 85659.5 92087.4 96752.6 99376.5 100477 100808 100876 100886 100887 100887 100887 100887 100887 100887 100887 100887 100887 100887 100887 100887 100887 100887 100887 100887 100887 100887 100887 100887 100887 100887 100887 100887 100887 100887 100887 100887
73961.1 73765.8 72588.2 72958.2 76790.9 83095.5 89677.5 94988.5 98389.1 100071 100689 100852 100883 100887 100887 100887 100887 100887 100887 100887 100887 100887 100887 100887 100887 100887 100887 100887 100887 100887 100887 100887 100887 100887 100887 100887 100887 100887 100887 100887 100887
73949.4 73936.6 72828.7 72449.8 75167.7 80722.9 87214.8 92980.6 97100.6 99442.7 100464 100794 100872 100885 100887 100887 100887 100887 100887 100887 100887 100887 100887 100887 100887 100887 100887 100887 100887 100887 100887 100887 100887 100887 100887 100887 100887 100887 100887 100887 100887
73942.9 74062.6 73133.4 72234.5 73914.5 78600.9 84788 90805.8 95534.2 98558.5 100086 100675 100845 100881 100886 100887 100887 100887 100887 100887 100887 100887 100887 100887 100887 100887 100887 100887 100887 100887 100887 100887 100887 100887 100887 100887 100887 100887 100887 100887 100887
73940.8 74142.3 73450.7 72250.2 73012.2 76766.5 82471.8 88543.8 93735.9 97408.9 99513.9 100460 100785 100868 100884 100887 100887 100887 100887 100887 100887 100887 100887 100887 100887 100887 100887 100887 100887 100887 100887 100887 100887 100887 100887 100887 100887 100887 100887 100887 100887
73941.8 74178.9 73741.7 72434.6 72429.9 75238.5 80325.9 86269.8 91765.3 96007.4 98717.5 100109 100667 100839 100879 100886 100887 100887 100887 100887 100887 100887 100887 100887 100887 100887 100887 100887 100887 100887 100887 100887 100887 100887 100887 100887 100887 100887 100887 100887 100887
73944.9 74179.2 73982.1 72728.1 72127.9 74020.6 78393.4 84049.8 89687.2 94387.5 97685.1 99587.1 100463 100778 100865 100884 100887 100887 100887 100887 100887 100887 100887 100887 100887 100887 100887 100887 100887 100887 100887 100887 100887 100887 100887 100887 100887 100887 100887 100887 100887
73948.9 74152.2 74159.4 73077.4 72060.7 73104.9 76702.7 81939.2 87565.4 92595.4 96423.6 98866.7 100138 100664 100834 100877 100886 100887 100887 100887 100887 100887 100887 100887 100887 100887 100887 100887 100887 100887 100887 100887 100887 100887 100887 100887 100887 100887 100887 100887 100887
73952.8 74107.3 74270.4 73435.4 72179.3 72473.9 75270 79981.5 85457.9 90684.5 94957.2 97934.8 99660.6 100471 100773 100862 100883 100886 100887 100887 100887 100887 100887 100887 100887 100887 100887 100887 100887 100887 100887 100887 100887 100887 100887 100887 100887 100887 100887 100887 100887
73956.1 74054.3 74319.2 73763.7 72433.1 72102.5 74101.2 78208.6 83414.8 88708.7 93322.2 96793.9 99006.6 100170 100664 100831 100876 100885 100887 100887 100887 100887 100887 100887 100887 100887 100887 100887 100887 100887 100887 100887 100887 100887 100887 100887 100887 100887 100887 100887 100887
73958.4 74001.5 74314.9 74036.4 72771.8 71958.8 73194.2 76642.7 81477.5 86718.8 91562.3 95461.3 98162.1 99733.2 100482 100771 100860 100882 100886 100887 100887 100887 100887 100887 100887 100887 100887 100887 100887 100887 100887 100887 100887 100887 100887 100887 100887 100887 100887 100887 100887
73959.5 73954.8 74270 74238.7 73149.1 72006.1 72539.2 75297.1 79678.5 84760 89723.4 93965.3 97126.5 99137.9 100204 100666 100828 100874 100885 100887 100887 100887 100887 100887 100887 100887 100887 100887 100887 100887 100887 100887 100887 100887 100887 100887 100887 100887 100887 100887 100887
73959.6 73918.3 74198.3 74365.8 73522.8 72203.6 72120.6 74178.6 78041.9 82870.7 87850 92342 95911.4 98370.3 99804.1 100497 100770 100858 100881 100886 100887 100887 100887 100887 100887 100887 100887 100887 100887 100887 100887 100887 100887 100887 100887 100887 100887 100887 100887 100887 100887
73958.8 73893.8 74113.5 74420.8 73858.7 72508.2 71916.7 73287.9 76584.8 81082.2 85982.8 90630.3 94539.3 97427.2 99261.2 100240 100671 100827 100873 100884 100887 100887 100887 100887 100887 100887 100887 100887 100887 100887 100887 100887 100887 100887 100887 100887 100887 100887 100887 100887 100887
73957.5 73881.7 74028.1 74413.1 74133 72876.4 71900.4 72620.6 75318.5 79419 84157.1 88869.5 93039.7 96316.5 98561.7 99872.9 100513 100771 100857 100880 100886 100887 100887 100887 100887 100887 100887 100887 100887 100887 100887 100887 100887 100887 100887 100887 100887 100887 100887 100887 100887
73956 73880.8 73951.9 74356.5 74332.2 73267.3 72039.9 72167.3 74249.5 77899.7 82402.5 87096 91445.9 95055.4 97700.9 99377 100276 100678 100827 100872 100884 100886 100887 100887 100887 100887 100887 100887 100887 100887 100887 100887 100887 100887 100887 100887 100887 100887 100887 100887 100887
73954.4 73888.7 73891.4 74266.5 74452.1 73643.1 72299.9 71913.7 73380.3 76537.6 80742.9 85342.3 89792.2 93668.2 96683.4 98738.4 99939.3 100530 100773 100856 100880 100886 100887 100887 100887 100887 100887 100887 100887 100887 100887 100887 100887 100887 100887 100887 100887 100887 100887 100887 100887
73953.1 73902.9 73850.2 74159.4 74496.5 73973.4 72642 71840.4 72709.5 75342.2 79197.2 83636 88111.5 92183.3 95522.3 97951.2 99485.7 100312 100685 100827 100872 100884 100886 100887 100887 100887 100887 100887 100887 100887 100887 100887 100887 100887 100887 100887 100887 100887 100887 100887 100887
73952 73920.2 73829.1 74050 74475.6 74237.3 73028 71923.3 72231.9 74319.7 77779.5 82000.1 86433.4 90630.9 94237.6 97017.4 98901.9 100003 100549 100776 100856 100880 100885 100887 100887 100887 100887 100887 100887 100887 100887 100887 100887 100887 100887 100887 100887 100887 100887 100887 100887
73951.2 73938 73826.4 73951 74403.8 74422.9 73420.9 72133.9 71938.6 73473.4 76500.8 80453.2 84783.9 89040.3 92853.5 95947 98180.9 99587.9 100347 100694 100828 100871 100883 100886 100887 100887 100887 100887 100887 100887 100887 100887 100887 100887 100887 100887 100887 100887 100887 100887 100887
73950.8 73954.1 73838.9 73871 74297.6 74527.4 73787.4 72440.1 71816 72803.9 75369 79009.8 83184.8 87438.9 91396.3 94756 97322.9 99053.5 100064 100567 100780 100856 100879 100885 100887 100887 100887 100887 100887 100887 100887 100887 100887 100887 100887 100887 100887 100887 100887 100887 100887
73950.7 73966.9 73862.2 73815.3 74174.2 74555.6 74101.1 72807.4 71846.4 72309 74389.7 77681.1 81654.2 85850.8 89892.4 93465.1 96334.9 98392.5 99683.8 100382 100703 100829 100871 100883 100886 100887 100887 100887 100887 100887 100887 100887 100887 100887 100887 100887 100887 100887 100887 100887 100887
73950.8 73975.6 73891.6 73785.3 74049.5 74518.4 74344.1 73200.9 72007.2 71983.3 73566.8 76475.9 80206.4 84296.9 88367 92097.4 95230 97603.2 99194.4 100122 100586 100784 100857 100879 100885 100887 100887 100887 100887 100887 100887 100887 100887 100887 100887 100887 100887 100887 100887 100887 100887
73951 73979.8 73922.6 73779.6 73937.1 74430.7 74507.1 73587.4 72272.2 71818.1 72901.9 75400.9 78852.8 82794.4 86842.5 90676.5 94025.6 96690.6 98587.8 99773.9 100415 100713 100831 100871 100883 100886 100887 100887 100887 100887 100887 100887 100887 100887 100887 100887 100887 100887 100887 100887 100887
73951.2 73980 73951.3 73794.5 73846.5 74309.7 74589.1 73937.3 72611.3 71800.2 72394.9 74461.4 77602.4 81357.4 85338.7 89225.4 92741.9 95665 97861.3 99325.5 100177 100605 100789 100857 100879 100885 100887 100887 100887 100887 100887 100887 100887 100887 100887 100887 100887 100887 100887 100887 100887
73951.5 73976.8 73974.9 73824.5 73783.4 74173 74596.3 74228 72992.8 71912.7 72043.1 73661.2 76462.3 79997.3 83872.2 87765 91400 94540.9 97017.8 98768.6 99858.5 100448 100723 100833 100872 100883 100886 100887 100887 100887 100887 100887 100887 100887 100887 100887 100887 100887 100887 100887 100887
73951.6 73971.1 73991.5 73863.6 73749.8 74037 74540.3 74444.8 73385 72134.1 71841 73002.9 75438.4 78723 82456.7 86314.1 90020.9 93336.1 96065.3 98099.5 99447.5 100230 100623 100794 100858 100879 100885 100887 100887 100887 100887 100887 100887 100887 100887 100887 100887 100887 100887 100887 100887
73951.7 73964.1 74000.6 73905.9 73744 73915.5 74436.5 74580.9 73757.6 72439.2 71779.6 72487.5 74535.3 77541.9 81103.3 84888.6 88624.2 92069.3 95016.1 97319.5 98936.1 99937.9 100479 100733 100836 100872 100883 100886 100887 100887 100887 100887 100887 100887 100887 100887 100887 100887 100887 100887 100887
73951.7 73956.9 74002.4 73946 73761.9 73818.6 74302.5 74637.4 74084.9 72799.9 71846.1 72114.4 73757 76459.8 79821.2 83501.9 87227.6 90759.7 93885.4 96434.8 98319.7 99561.2 100280 100641 100799 100859 100879 100885 100887 100887 100887 100887 100887 100887 100887 100887 100887 100887 100887 100887 100887
73951.6 73950.2 73997.9 73979.8 73797.5 73751.9 74155.7 74621.7 74347.8 73186.6 72023.5 71880.5 73106.4 75481.8 78617.4 82165 85846.3 89425.6 92690 95455.5 97598.4 99091.5 100012 100509 100743 100838 100873 100883 100886 100887 100887 100887 100887 100887 100887 100887 100887 100887 100887 100887 100887
73951.5 73944.8 73988.8 74004.5 73844.1 73717.3 74012.6 74546.3 74534.7 73570.1 72291.1 71779.8 72585.6 74612.1 77497.9 80886.6 84493.3 88083.5 91447.3 94394.4 96776.6 98523.6 99667.2 100327 100659 100805 100861 100880 100885 100887 100887 100887 100887 100887 100887 100887 100887 100887 100887 100887 100887
73951.3 73941 73976.8 74019 73894.8 73713.2 73886.8 74427.2 74641.4 73923.3 72624.6 71803.1 72195 73854.6 76467.7 79674.1 83179.5 86748.3 90174.2 93266.8 95862.5 97856.6 99235.8 100082 100538 100753 100841 100873 100883 100886 100887 100887 100887 100887 100887 100887 100887 100887 100887 100887 100887
73951.1 73939.1 73963.8 74023.3 73943.2 73735.1 73787.8 74281.8 74670.9 74223.9 72997.2 71937.4 71933.5 73212.5 75531.1 78533.3 81913.7 85432.4 88886.4 92088.3 94867.2 97093.4 98712.8 99765.9 100371 100676 100810 100862 100880 100885 100887 100887 100887 100887 100887 100887 100887 100887 100887 100887 100887
73950.9 73938.9 73951.5 74018.6 73984.5 73776.4 73721.3 74127.4 74631.9 74456.1 73381.5 72165.8 71797.6 72688.2 74692.1 77468.9 80702.8 84146.5 87598.1 90874.5 93803.9 96240.3 98096.1 99369.9 100147 100565 100762 100844 100874 100883 100886 100887 100887 100887 100887 100887 100887 100887 100887 100887 100887
73950.7 73940.2 73941.2 74006.9 74015.3 73829.7 73688.9 73980.2 74537.8 74611.3 73750.3 72467.7 71780.8 72283.2 73954.3 76485.4 79552.8 82899.4 86321.4 89640.3 92686.9 95306.9 97387.3 98888.3 99857.9 100413 100692 100815 100863 100880 100885 100887 100887 100887 100887 100887 100887 100887 100887 100887 100887
73950.6 73942.4 73933.7 73990.8 74033.9 73887.6 73688.4 73853.1 74404.7 74687.7 74079.6 72819.7 71873.4 71997.9 73320.9 75586.4 78468.4 81697.9 85066.8 88399.2 91530.7 94304.8 96591.5 98318.3 99494.6 100208 100591 100772 100847 100874 100883 100886 100887 100887 100887 100887 100887 100887 100887 100887 100887
73950.5 73945.3 73929.4 73972.6 74040.2 73943 73715 73755.2 74250 74690.2 74350.5 73196.2 72062 71830.3 72794.7 74775.5 77453.7 80548 83842.8 87163 90349.1 93246.8 95716.6 97660.4 99051.3 99943.6 100452 100707 100820 100865 100880 100885 100887 100887 100887 100887 100887 100887 100887 100887 100887
73950.4 73948.4 73928.2 73954.9 74035.6 73990.5 73761.9 73691.6 74090.6 74628.6 74550.3 73571.4 72329.6 71776.4 72378.1 74056.2 76512.2 79454.4 82656.5 85941.8 89155 92146.2 94772.7 96918.4 98524.7 99610.4 100265 100615 100781 100850 100875 100884 100886 100887 100887 100887 100887 100887 100887 100887 100887
73950.3 73951.2 73929.8 73939.6 74022.2 74026.1 73821.2 73663.3 73942.1 74517.1 74673.1 73920.6 72655.8 71829.2 72071.9 73431.7 75647.4 78420.8 81513.7 84744.2 87959.8 91016.1 93771.2 96098.8 97914.4 99202.7 100023 100488 100722 100825 100866 100881 100885 100887 100887 100887 100887 100887 100887 100887 100887
73950.3 73953.4 73933.6 73927.9 74002.8 74048 73885 73667.9 73816.5 74371.8 74719.5 74222.9 73017.8 71978.3 71876 72905 74862.4 77450.9 80419 83577.3 86773.6 89868.5 92724.4 95210.2 97223 98716.5 99718.1 100319 100638 100789 100852 100876 100884 100886 100887 100887 100887 100887 100887 100887 100887
73950.2 73955 73938.7 73920.7 73980.7 74055.8 73945.8 73700.1 73722.2 74210 74695.8 74462.3 73391.3 72209.9 71788 72478.6 74160.6 76547.6 79376.3 82446.8 85604.8 88714.7 91644.4 94262.9 96455.6 98150.8 99343.3 100098 100523 100736 100830 100868 100881 100885 100887 100887 100887 100887 100887 100887 100887
73950.2 73955.7 73944.4 73918 73958.6 74051 73997.9 73752.7 73663.6 74048 74613.2 74629.1 73752.2 72506.8 71803.1 72154.4 73544.9 75714 78388.8 81357.4 84460.3 87564.3 90542.8 93268.1 95619.7 97506.9 98894.9 99818.1 100368 100660 100797 100855 100877 100884 100886 100887 100887 100887 100887 100887 100887
73950.2 73955.7 73949.8 73919.5 73939 74035.9 74036.9 73817.5 73641.2 73900.4 74486.1 74719.9 74078.2 72848.8 71913.6 71933.1 73018.6 74952.9 77459.5 80312.9 83346.1 86425.8 89430.3 92236.9 94724.4 96789 98370.8 99474 100166 100555 100749 100835 100869 100881 100885 100887 100887 100887 100887 100887 100887
73950.1 73955.1 73954.5 73924.3 73923.7 74013.7 74061 73886.3 73651.9 73778.6 74330.8 74737.2 74351.2 73213.7 72108.5 71813.8 72584.4 74267.5 76590.9 79316.5 82266.7 85306.1 88316.2 91180.5 93779.7 96003.3 97771.7 99060.6 99911 100414 100680 100805 100857 100877 100884 100886 100887 100887 100887 100887 100887
73950.1 73954 73957.9 73931.3 73913.7 73987.9 74069.6 73951.5 73690.1 73689.9 74164 74689.1 74558.2 73578.5 72373.5 71793.4 72244.5 73660.6 75785.9 78370.8 81226.1 84211 87209.1 90108.9 92796.1 95157.8 97100.6 98575.6 99595.3 100230 100585 100761 100839 100871 100882 100886 100887 100887 100887 100887 100887
73950.1 73952.6 73959.9 73939.4 73909.4 73961.9 74064.2 74006.9 73748.3 73637.9 74001.6 74587.3 74692.2 73920.9 72691.1 71866.5 72000.5 73135.4 75047 77478.5 80227.3 83145.4 86115.7 89031.5 91783.9 94261.6 96362.8 98018.7 99214.7 99997.1 100457 100699 100812 100860 100878 100884 100886 100887 100887 100887 100887
73950 73951.1 73960.5 73947.5 73910.4 73938.5 74047.5 74048.3 73818.1 73622.4 73857.1 74446.8 74751.9 74221 73041.6 72024.6 71852.4 72694.8 74377 76641.7 79273.1 82113.1 85042.1 87956.4 90752.9 93324.2 95565.1 97392.1 98766.3 99707.8 100290 100612 100772 100844 100872 100882 100886 100887 100887 100887 100887
73950.1 73949.7 73959.7 73954.7 73915.7 73919.9 74022.8 74073.5 73891.1 73639.9 73740.7 74283.7 74741.9 74463.5 73403.4 72256.1 71798.9 72341.4 73778.9 75863 78365.6 81117.1 83992.9 86890.6 89712.1 92355.4 94715.6 96699.9 98249.2 99357.8 100077 100496 100716 100819 100862 100879 100884 100886 100887 100887 100887
73950.1 73948.6 73957.9 73960.2 73924.1 73907.4 73993.9 74082.3 73959.5 73684.4 73659.1 74114.2 74671.3 74638 73754.9 72546.2 71836.1 72077 73255.4 75144.7 77507 80160.2 82972.2 85840 88669.5 91364.5 93823.2 95948 97664.6 98943.7 99812.2 100345 100638 100783 100847 100873 100883 100886 100887 100887 100887
73950 73947.8 73955.5 73963.8 73934.1 73901.5 73964.5 74076 74017.2 73748 73614.8 73953.3 74552.7 74739.9 74075.4 72877.4 71957.8 71902.7 72809.7 74489.3 76699.5 79244.5 81983.1 84809.4 87632.1 90360.1 92896.8 95143.7 97016 98464.1 99490.7 100151 100533 100732 100825 100865 100880 100885 100886 100887 100887
73949.9 73947.4 73952.8 73965.2 73944.5 73901.8 73937.8 74057.4 74060 73822.3 73607.1 73813.5 74401.2 74770.2 74347.9 73230.1 72154.8 71818.3 72444.4 73899.6 75945 78371.9 81028.2 83803 86605.7 89350.3 91945.4 94294.9 96308.1 97919.5 99108.8 99908.9 100395 100662 100793 100851 100874 100883 100886 100887 100887
73949.8 73947.4 73950.1 73964.6 73954 73907.5 73916.4 74030.3 74085.6 73898.7 73631.8 73704.1 74232.4 74734.9 74559.3 73583.9 72414.9 71821.3 72161.9 73378.5 75245.9 77544.4 80109.7 82823.8 85595.4 88341.8 90977.3 93410 95547.3 97312.3 98664.5 99614 100219 100567 100747 100831 100867 100880 100885 100886 100887
73949.8 73947.6 73947.8 73962.4 73961.6 73917 73901.6 73998.6 74093.8 73969.6 73682.5 73630.6 74062.2 74644.2 74701.8 73918.3 72722.9 71907.5 71963.8 72928.8 74604.3 76763.8 79229.3 81874.5 84605.2 87340.5 90000.3 92497.5 94740.9 96646.6 98157.8 99262.2 99998.3 100442 100684 100802 100855 100876 100883 100886 100887
73949.7 73948.1 73946.1 73959.1 73966.7 73928.9 73894.3 73966.2 74086.2 74028.7 73751.4 73594.8 73904.5 74511.1 74773.1 74214.8 73061.4 72069.7 71850.6 72553.3 74023 76031.8 78388.9 80957.4 83638.4 86351.6 89021.1 91565.3 93896.6 95927.9 97590.2 98851.3 99728.2 100282 100598 100761 100837 100869 100881 100885 100887
73949.7 73948.7 73945.1 73955.3 73969.2 73941.3 73894.1 73936.7 74065.8 74071.9 73829.6 73595.2 73770.9 74350.7 74775.9 74458.5 73411.3 72298.1 71821.3 72254.6 73504.5 75350.5 77590 80074.2 82697.7 85379.2 88045.6 90621.1 93022.3 95162.7 96964.9 98380.4 99404.8 100081 100486 100704 100811 100858 100877 100884 100887
73949.9 73949.3 73944.7 73951.3 73969.1 73952.9 73900 73912.8 74036.3 74097.2 73908.8 73627.2 73669.5 74178.5 74717.6 74638.9 73753 72579.9 71873.1 72034.8 73051.8 74722.1 76834.2 79226.4 81785.3 84426.7 87079.1 89671.4 92125.8 94358 96286.8 97850.5 99025.2 99834 100340 100627 100774 100842 100870 100881 100887
73949.7 73949.9 73945 73947.8 73966.9 73962.5 73910.4 73896.2 74002 74104.4 73981.2 73684.1 73604.9 74009.3 74609.2 74750.5 74067.4 72899.7 72000.7 71895 72667.5 74149 76123.1 78415.6 80903 83496.8 86125.7 88722.3 91214.2 93521.3 95561.5 97264.1 98588.3 99537 100157 100525 100723 100819 100861 100877 100887
73949.7 73950.4 73945.8 73944.9 73963 73969.3 73923.8 73887.6 73967 74095.2 74040.9 73757.7 73578.1 73856.4 74464.1 74792.9 74338.3 73240.2 72196.3 71835.2 72354.5 73633.5 75458.6 77643.1 80052.4 82591.8 85188.9 87778.8 90294.2 92659.9 94795.6 96625.1 98094.3 99187 99931.9 100394 100653 100786 100847 100871 100887
73949.6 73950.7 73946.9 73943.1 73958.1 73972.9 73938 73886.9 73935.1 74072.8 74083.9 73839.4 73586.7 73730.1 74297.2 74770.5 74553 73582.9 72449.4 71853.9 72114.9 73178.6 74842.7 76910.3 79234.7 81713.5 84271.6 86845.4 89371.7 91780.9 93995.8 95938.6 97545.1 98782.3 99659.6 100228 100562 100740 100826 100862 100887
73949.6 73950.9 73948.2 73942.3 73953 73973.4 73951.6 73893 73909.1 74041 74108.3 73920.7 73626 73637.5 74123.4 74691.7 74703.1 73909.1 72746.8 71947.4 71950.6 72786.8 74277.5 76218.8 78451.2 80863.5 83376.1 85925.5 88451.9 90890.6 93169.2 95210.4 96943.9 98322.5 99337.4 100022 100443 100678 100797 100849 100887
73949.5 73950.9 73949.4 73942.4 73948.3 73971.2 73963.1 73904.3 73890.8 74004.3 74114 73994 73688.7 73582.3 73957 74568 74785.2 74201.7 73073.1 72109.8 71862.3 72461 73765.4 75570.1 77703.2 80043 82504.3 85022.2 87539.1 89995 92322.4 94446.9 96295 97809 98963.1 99773.1 100292 100595 100756 100829 100887