1.23 1.23 1.23 1.23 1.23 1.23 1.23 1.23 1.23 1.23 1.23 1.23 1.23 1.23 1.23 1.23 1.23 1.23 1.23 1.23 1.23 1.23 1.23 1.23 1.23 1.23 1.23 1.23 1.23 1.23 1.23 1.23 1.23 1.23 1.23 1.23 1.23 1.23 1.23 1.23 1.23
1.23 1.23 1.23 1.23 1.23 1.23 1.23 1.23 1.23 1.23 1.23 1.23 1.23 1.23 1.23 1.23 1.23 1.23 1.23 1.23 1.23 1.23 1.23 1.23 1.23 1.23 1.23 1.23 1.23 1.23 1.23 1.23 1.23 1.23 1.23 1.23 1.23 1.23 1.23 1.23 1.23
1.23 1.23 1.23 1.23 1.23 1.23 1.23 1.23 1.23 1.23 1.23 1.23 1.23 1.23 1.23 1.23 1.23 1.23 1.23 1.23 1.23 1.23 1.23 1.23 1.23 1.23 1.23 1.23 1.23 1.23 1.23 1.23 1.23 1.23 1.23 1.23 1.23 1.23 1.23 1.23 1.23
1.23 1.23 1.23 1.23 1.23 1.23 1.23 1.23 1.23 1.23 1.23 1.23 1.23 1.23 1.23 1.23 1.23 1.23 1.23 1.23 1.23 1.23 1.23 1.23 1.23 1.23 1.23 1.23 1.23 1.23 1.23 1.23 1.23 1.23 1.23 1.23 1.23 1.23 1.23 1.23 1.23
1.23 1.23 1.23 1.23 1.23 1.23 1.23 1.23 1.23 1.23 1.23 1.23 1.23 1.23 1.23 1.23 1.23 1.23 1.23 1.23 1.23 1.23 1.23 1.23 1.23 1.23 1.23 1.23 1.23 1.23 1.23 1.23 1.23 1.23 1.23 1.23 1.23 1.23 1.23 1.23 1.23
1.23 1.23 1.23 1.23 1.23 1.23 1.23 1.23 1.23 1.23 1.23 1.23 1.23 1.23 1.23 1.23 1.23 1.23 1.23 1.23 1.23 1.23 1.23 1.23 1.23 1.23 1.23 1.23 1.23 1.23 1.23 1.23 1.23 1.23 1.23 1.23 1.23 1.23 1.23 1.23 1.23
1.23 1.23 1.23 1.23 1.23 1.23 1.23 1.23 1.23 1.23 1.23 1.23 1.23 1.23 1.23 1.23 1.23 1.23 1.23 1.23 1.23 1.23 1.23 1.23 1.23 1.23 1.23 1.23 1.23 1.23 1.23 1.23 1.23 1.23 1.23 1.23 1.23 1.23 1.23 1.23 1.23
1.23 1.23 1.23 1.23 1.23 1.23 1.23 1.23 1.23 1.23 1.23 1.23 1.23 1.23 1.23 1.23 1.23 1.23 1.23 1.23 1.23 1.23 1.23 1.23 1.23 1.23 1.23 1.23 1.23 1.23 1.23 1.23 1.23 1.23 1.23 1.23 1.23 1.23 1.23 1.23 1.23
1.23 1.23 1.23 1.23 1.23 1.23 1.23 1.23 1.23 1.23 1.23 1.23 1.23 1.23 1.23 1.23 1.23 1.23 1.23 1.23 1.23 1.23 1.23 1.23 1.23 1.23 1.23 1.23 1.23 1.23 1.23 1.23 1.23 1.23 1.23 1.23 1.23 1.23 1.23 1.23 1.23
1.23 1.23 1.23 1.23 1.23 1.23 1.23 1.23 1.23 1.23 1.23 1.23 1.23 1.23 1.23 1.23 1.23 1.23 1.23 1.23 1.23 1.23 1.23 1.23 1.23 1.23 1.23 1.23 1.23 1.23 1.23 1.23 1.23 1.23 1.23 1.23 1.23 1.23 1.23 1.23 1.23
1.23 1.23 1.23 1.23 1.23 1.23 1.23 1.23 1.23 1.23 1.23 1.23 1.23 1.23 1.23 1.23 1.23 1.23 1.23 1.23 1.23 1.23 1.23 1.23 1.23 1.23 1.23 1.23 1.23 1.23 1.23 1.23 1.23 1.23 1.23 1.23 1.23 1.23 1.23 1.23 1.23
1.23 1.23 1.23 1.23 1.23 1.23 1.23 1.23 1.23 1.23 1.23 1.23 1.23 1.23 1.23 1.23 1.23 1.23 1.23 1.23 1.23 1.23 1.23 1.23 1.23 1.23 1.23 1.23 1.23 1.23 1.23 1.23 1.23 1.23 1.23 1.23 1.23 1.23 1.23 1.23 1.23
1.23 1.23 1.23 1.23 1.23 1.23 1.23 1.23 1.23 1.23 1.23 1.23 1.23 1.23 1.23 1.23 1.23 1.23 1.23 1.23 1.23 1.23 1.23 1.23 1.23 1.23 1.23 1.23 1.23 1.23 1.23 1.23 1.23 1.23 1.23 1.23 1.23 1.23 1.23 1.23 1.23
1.23 1.23 1.23 1.23 1.23 1.23 1.23 1.23 1.23 1.23 1.23 1.23 1.23 1.23 1.23 1.23 1.23 1.23 1.23 1.23 1.23 1.23 1.23 1.23 1.23 1.23 1.23 1.23 1.23 1.23 1.23 1.23 1.23 1.23 1.23 1.23 1.23 1.23 1.23 1.23 1.23
1.23 1.23 1.23 1.23 1.23 1.23 1.23 1.23 1.23 1.23 1.23 1.23 1.23 1.23 1.23 1.23 1.23 1.23 1.23 1.23 1.23 1.23 1.23 1.23 1.23 1.23 1.23 1.23 1.23 1.23 1.23 1.23 1.23 1.23 1.23 1.23 1.23 1.23 1.23 1.23 1.23
0.985242 1.23 1.23 1.23 1.23 1.23 1.23 1.23 1.23 1.23 1.23 1.23 1.23 1.23 1.23 1.23 1.23 1.23 1.23 1.23 1.23 1.23 1.23 1.23 1.23 1.23 1.23 1.23 1.23 1.23 1.23 1.23 1.23 1.23 1.23 1.23 1.23 1.23 1.23 1.23 1.23
0.995592 1.14601 1.22763 1.23 1.23 1.23 1.23 1.23 1.23 1.23 1.23 1.23 1.23 1.23 1.23 1.23 1.23 1.23 1.23 1.23 1.23 1.23 1.23 1.23 1.23 1.23 1.23 1.23 1.23 1.23 1.23 1.23 1.23 1.23 1.23 1.23 1.23 1.23 1.23 1.23 1.23
1.00104 1.09215 1.20027 1.22897 1.23 1.23 1.23 1.23 1.23 1.23 1.23 1.23 1.23 1.23 1.23 1.23 1.23 1.23 1.23 1.23 1.23 1.23 1.23 1.23 1.23 1.23 1.23 1.23 1.23 1.23 1.23 1.23 1.23 1.23 1.23 1.23 1.23 1.23 1.23 1.23 1.23
1.00444 1.05059 1.16404 1.21902 1.22962 1.23 1.23 1.23 1.23 1.23 1.23 1.23 1.23 1.23 1.23 1.23 1.23 1.23 1.23 1.23 1.23 1.23 1.23 1.23 1.23 1.23 1.23 1.23 1.23 1.23 1.23 1.23 1.23 1.23 1.23 1.23 1.23 1.23 1.23 1.23 1.23
1.0066 1.0208 1.12556 1.1999 1.2259 1.22987 1.23 1.23 1.23 1.23 1.23 1.23 1.23 1.23 1.23 1.23 1.23 1.23 1.23 1.23 1.23 1.23 1.23 1.23 1.23 1.23 1.23 1.23 1.23 1.23 1.23 1.23 1.23 1.23 1.23 1.23 1.23 1.23 1.23 1.23 1.23
1.00793 1.00057 1.08883 1.17401 1.21664 1.22848 1.22995 1.23 1.23 1.23 1.23 1.23 1.23 1.23 1.23 1.23 1.23 1.23 1.23 1.23 1.23 1.23 1.23 1.23 1.23 1.23 1.23 1.23 1.23 1.23 1.23 1.23 1.23 1.23 1.23 1.23 1.23 1.23 1.23 1.23 1.23
1.00871 0.987385 1.05609 1.14426 1.20128 1.22427 1.22945 1.22998 1.23 1.23 1.23 1.23 1.23 1.23 1.23 1.23 1.23 1.23 1.23 1.23 1.23 1.23 1.23 1.23 1.23 1.23 1.23 1.23 1.23 1.23 1.23 1.23 1.23 1.23 1.23 1.23 1.23 1.23 1.23 1.23 1.23
1.00908 0.979346 1.02881 1.11321 1.18062 1.21596 1.22762 1.2298 1.22999 1.23 1.23 1.23 1.23 1.23 1.23 1.23 1.23 1.23 1.23 1.23 1.23 1.23 1.23 1.23 1.23 1.23 1.23 1.23 1.23 1.23 1.23 1.23 1.23 1.23 1.23 1.23 1.23 1.23 1.23 1.23 1.23
1.00916 0.97506 1.0074 1.08302 1.15615 1.20304 1.22342 1.22904 1.22993 1.23 1.23 1.23 1.23 1.23 1.23 1.23 1.23 1.23 1.23 1.23 1.23 1.23 1.23 1.23 1.23 1.23 1.23 1.23 1.23 1.23 1.23 1.23 1.23 1.23 1.23 1.23 1.23 1.23 1.23 1.23 1.23
1.00904 0.973457 0.991542 1.05524 1.12952 1.18581 1.21596 1.22703 1.22962 1.22997 1.23 1.23 1.23 1.23 1.23 1.23 1.23 1.23 1.23 1.23 1.23 1.23 1.23 1.23 1.23 1.23 1.23 1.23 1.23 1.23 1.23 1.23 1.23 1.23 1.23 1.23 1.23 1.23 1.23 1.23 1.23
1.00882 0.973683 0.980628 1.03099 1.10233 1.16509 1.2048 1.223 1.2287 1.22985 1.22999 1.23 1.23 1.23 1.23 1.23 1.23 1.23 1.23 1.23 1.23 1.23 1.23 1.23 1.23 1.23 1.23 1.23 1.23 1.23 1.23 1.23 1.23 1.23 1.23 1.23 1.23 1.23 1.23 1.23 1.23
1.00854 0.975052 0.973896 1.01084 1.07596 1.14201 1.19002 1.21629 1.22665 1.22945 1.22994 1.23 1.23 1.23 1.23 1.23 1.23 1.23 1.23 1.23 1.23 1.23 1.23 1.23 1.23 1.23 1.23 1.23 1.23 1.23 1.23 1.23 1.23 1.23 1.23 1.23 1.23 1.23 1.23 1.23 1.23
1.00827 0.977053 0.970548 0.994935 1.0515 1.11773 1.17212 1.20649 1.22286 1.22845 1.22977 1.22998 1.23 1.23 1.23 1.23 1.23 1.23 1.23 1.23 1.23 1.23 1.23 1.23 1.23 1.23 1.23 1.23 1.23 1.23 1.23 1.23 1.23 1.23 1.23 1.23 1.23 1.23 1.23 1.23 1.23
1.00804 0.979251 0.9698 0.983126 1.02975 1.09336 1.15185 1.1936 1.21678 1.22642 1.22931 1.22991 1.22999 1.23 1.23 1.23 1.23 1.23 1.23 1.23 1.23 1.23 1.23 1.23 1.23 1.23 1.23 1.23 1.23 1.23 1.23 1.23 1.23 1.23 1.23 1.23 1.23 1.23 1.23 1.23 1.23
1.00787 0.981305 0.970904 0.975073 1.0112 1.06984 1.1301 1.17791 1.20809 1.22288 1.22827 1.2297 1.22996 1.23 1.23 1.23 1.23 1.23 1.23 1.23 1.23 1.23 1.23 1.23 1.23 1.23 1.23 1.23 1.23 1.23 1.23 1.23 1.23 1.23 1.23 1.23 1.23 1.23 1.23 1.23 1.23
1.00776 0.983019 0.973192 0.970308 0.996049 1.04795 1.10773 1.15995 1.19671 1.21737 1.22631 1.22919 1.22987 1.22999 1.23 1.23 1.23 1.23 1.23 1.23 1.23 1.23 1.23 1.23 1.23 1.23 1.23 1.23 1.23 1.23 1.23 1.23 1.23 1.23 1.23 1.23 1.23 1.23 1.23 1.23 1.23
1.00771 0.984296 0.976093 0.968292 0.984315 1.02828 1.08556 1.14039 1.18281 1.20959 1.22301 1.22816 1.22963 1.22995 1.22999 1.23 1.23 1.23 1.23 1.23 1.23 1.23 1.23 1.23 1.23 1.23 1.23 1.23 1.23 1.23 1.23 1.23 1.23 1.23 1.23 1.23 1.23 1.23 1.23 1.23 1.23
1.00771 0.985112 0.97912 0.968451 0.975844 1.01119 1.06428 1.11993 1.16677 1.19945 1.218 1.22628 1.22911 1.22984 1.22998 1.23 1.23 1.23 1.23 1.23 1.23 1.23 1.23 1.23 1.23 1.23 1.23 1.23 1.23 1.23 1.23 1.23 1.23 1.23 1.23 1.23 1.23 1.23 1.23 1.23 1.23
1.00774 0.985494 0.981899 0.970207 0.970366 0.996893 1.04445 1.09924 1.1491 1.18704 1.211 1.22321 1.22809 1.22958 1.22993 1.22999 1.23 1.23 1.23 1.23 1.23 1.23 1.23 1.23 1.23 1.23 1.23 1.23 1.23 1.23 1.23 1.23 1.23 1.23 1.23 1.23 1.23 1.23 1.23 1.23 1.23
1.00779 0.985508 0.984198 0.973003 0.967523 0.985462 1.0265 1.07892 1.13036 1.17262 1.2019 1.21864 1.2263 1.22905 1.22981 1.22997 1.23 1.23 1.23 1.23 1.23 1.23 1.23 1.23 1.23 1.23 1.23 1.23 1.23 1.23 1.23 1.23 1.23 1.23 1.23 1.23 1.23 1.23 1.23 1.23 1.23
1.00785 0.985241 0.985896 0.976333 0.966897 0.976842 1.01073 1.0595 1.11113 1.1566 1.19075 1.21232 1.22346 1.22805 1.22954 1.22991 1.22999 1.23 1.23 1.23 1.23 1.23 1.23 1.23 1.23 1.23 1.23 1.23 1.23 1.23 1.23 1.23 1.23 1.23 1.23 1.23 1.23 1.23 1.23 1.23 1.23
1.0079 0.984798 0.98696 0.979747 0.968031 0.97089 0.997303 1.04138 1.09192 1.13942 1.17772 1.20411 1.21929 1.22637 1.22901 1.22978 1.22996 1.22999 1.23 1.23 1.23 1.23 1.23 1.23 1.23 1.23 1.23 1.23 1.23 1.23 1.23 1.23 1.23 1.23 1.23 1.23 1.23 1.23 1.23 1.23 1.23
1.00794 0.984292 0.987429 0.982882 0.970449 0.967382 0.986313 1.0249 1.07319 1.12157 1.16314 1.19404 1.21355 1.22374 1.22805 1.22951 1.2299 1.22998 1.23 1.23 1.23 1.23 1.23 1.23 1.23 1.23 1.23 1.23 1.23 1.23 1.23 1.23 1.23 1.23 1.23 1.23 1.23 1.23 1.23 1.23 1.23
1.00797 0.983796 0.987393 0.985487 0.973676 0.966028 0.97776 1.01026 1.05533 1.1035 1.14736 1.18222 1.20612 1.21992 1.22647 1.22899 1.22976 1.22996 1.22999 1.23 1.23 1.23 1.23 1.23 1.23 1.23 1.23 1.23 1.23 1.23 1.23 1.23 1.23 1.23 1.23 1.23 1.23 1.23 1.23 1.23 1.23
1.00798 0.983362 0.986969 0.98742 0.977274 0.966484 0.97157 0.99764 1.03866 1.08561 1.1308 1.1689 1.19699 1.2147 1.22404 1.22808 1.22949 1.22989 1.22998 1.23 1.23 1.23 1.23 1.23 1.23 1.23 1.23 1.23 1.23 1.23 1.23 1.23 1.23 1.23 1.23 1.23 1.23 1.23 1.23 1.23 1.23
1.00797 0.983025 0.986289 0.988635 0.980839 0.968368 0.967609 0.987109 1.02342 1.06826 1.11384 1.15439 1.18623 1.20796 1.22054 1.2266 1.22898 1.22975 1.22995 1.22999 1.23 1.23 1.23 1.23 1.23 1.23 1.23 1.23 1.23 1.23 1.23 1.23 1.23 1.23 1.23 1.23 1.23 1.23 1.23 1.23 1.23
1.00796 0.982798 0.985486 0.989162 0.984046 0.971271 0.965679 0.978699 1.00979 1.05175 1.09684 1.13901 1.17404 1.19965 1.21579 1.22435 1.22812 1.22948 1.22988 1.22998 1.23 1.23 1.23 1.23 1.23 1.23 1.23 1.23 1.23 1.23 1.23 1.23 1.23 1.23 1.23 1.23 1.23 1.23 1.23 1.23 1.23
1.00794 0.982683 0.984677 0.989092 0.986666 0.974782 0.96553 0.972385 0.997902 1.03632 1.08014 1.12312 1.16066 1.18983 1.20965 1.22115 1.22674 1.22899 1.22974 1.22994 1.22999 1.23 1.23 1.23 1.23 1.23 1.23 1.23 1.23 1.23 1.23 1.23 1.23 1.23 1.23 1.23 1.23 1.23 1.23 1.23 1.23
1.00792 0.982666 0.983955 0.988555 0.988569 0.97851 0.966863 0.968088 0.987828 1.02216 1.06401 1.10703 1.14638 1.17864 1.20207 1.2168 1.22467 1.22818 1.22947 1.22987 1.22997 1.23 1.23 1.23 1.23 1.23 1.23 1.23 1.23 1.23 1.23 1.23 1.23 1.23 1.23 1.23 1.23 1.23 1.23 1.23 1.23
1.0079 0.982727 0.983383 0.987702 0.989715 0.982095 0.969342 0.965683 0.979613 1.00941 1.04867 1.09104 1.13149 1.16629 1.19308 1.2112 1.22173 1.22689 1.22901 1.22973 1.22994 1.22999 1.23 1.23 1.23 1.23 1.23 1.23 1.23 1.23 1.23 1.23 1.23 1.23 1.23 1.23 1.23 1.23 1.23 1.23 1.23
1.00788 0.982844 0.982995 0.986685 0.990141 0.985248 0.972605 0.964991 0.973259 0.998172 1.03431 1.07541 1.11629 1.15301 1.1828 1.20428 1.21776 1.22498 1.22824 1.22948 1.22987 1.22997 1.22999 1.23 1.23 1.23 1.23 1.23 1.23 1.23 1.23 1.23 1.23 1.23 1.23 1.23 1.23 1.23 1.23 1.23 1.23
1.00787 0.982996 0.982796 0.985648 0.989944 0.987767 0.976286 0.965785 0.968728 0.988529 1.02109 1.06035 1.10104 1.13907 1.17138 1.19604 1.21264 1.22229 1.22705 1.22904 1.22973 1.22994 1.22999 1.23 1.23 1.23 1.23 1.23 1.23 1.23 1.23 1.23 1.23 1.23 1.23 1.23 1.23 1.23 1.23 1.23 1.23
1.00786 0.983156 0.982773 0.984709 0.989261 0.98954 0.980034 0.967795 0.965942 0.980525 1.00911 1.04603 1.08598 1.12473 1.15903 1.18657 1.2063 1.21865 1.22529 1.22832 1.22949 1.22987 1.22997 1.22999 1.23 1.23 1.23 1.23 1.23 1.23 1.23 1.23 1.23 1.23 1.23 1.23 1.23 1.23 1.23 1.23 1.23
1.00786 0.983301 0.982894 0.983952 0.988252 0.990538 0.98353 0.970716 0.96478 0.974179 0.998463 1.03261 1.0713 1.11022 1.14597 1.176 1.19874 1.21397 1.22282 1.22721 1.22907 1.22973 1.22993 1.22999 1.23 1.23 1.23 1.23 1.23 1.23 1.23 1.23 1.23 1.23 1.23 1.23 1.23 1.23 1.23 1.23 1.23
1.00786 0.983414 0.983118 0.983424 0.987079 0.99081 0.986524 0.974218 0.965073 0.96948 0.989223 1.02021 1.05719 1.09576 1.13245 1.16451 1.19001 1.20816 1.21949 1.2256 1.2284 1.2295 1.22986 1.22997 1.22999 1.23 1.23 1.23 1.23 1.23 1.23 1.23 1.23 1.23 1.23 1.23 1.23 1.23 1.23 1.23 1.23
1.00786 0.983486 0.9834 0.983142 0.985895 0.990457 0.988843 0.977972 0.966609 0.966385 0.981436 1.00891 1.04378 1.08155 1.11866 1.15228 1.18022 1.20122 1.21521 1.22333 1.22738 1.22911 1.22974 1.22993 1.22999 1.23 1.23 1.23 1.23 1.23 1.23 1.23 1.23 1.23 1.23 1.23 1.23 1.23 1.23 1.23 1.23
1.00787 0.983514 0.983698 0.98309 0.984828 0.989623 0.990399 0.981659 0.969138 0.964814 0.97513 0.998795 1.03119 1.06775 1.10483 1.13953 1.16951 1.19316 1.20988 1.22028 1.22589 1.22849 1.22951 1.22986 1.22997 1.22999 1.23 1.23 1.23 1.23 1.23 1.23 1.23 1.23 1.23 1.23 1.23 1.23 1.23 1.23 1.23
1.00787 0.9835 0.983973 0.983233 0.983968 0.988472 0.991183 0.984996 0.972373 0.964648 0.970313 0.989926 1.0195 1.05448 1.09112 1.12645 1.15806 1.18409 1.20349 1.21636 1.22381 1.22754 1.22915 1.22974 1.22993 1.22998 1.23 1.23 1.23 1.23 1.23 1.23 1.23 1.23 1.23 1.23 1.23 1.23 1.23 1.23 1.23
1.00788 0.983451 0.9842 0.983521 0.98337 0.987172 0.991253 0.98777 0.976012 0.965723 0.966968 0.982352 1.00881 1.04187 1.07769 1.11323 1.14604 1.17411 1.19606 1.21147 1.22102 1.22617 1.22857 1.22953 1.22987 1.22997 1.22999 1.23 1.23 1.23 1.23 1.23 1.23 1.23 1.23 1.23 1.23 1.23 1.23 1.23 1.23
1.00788 0.983378 0.984361 0.983896 0.983052 0.98588 0.990721 0.989839 0.979753 0.967837 0.965045 0.976106 0.999174 1.03001 1.06466 1.10004 1.13364 1.16338 1.18764 1.20559 1.21743 1.22427 1.2277 1.22919 1.22975 1.22993 1.22998 1.23 1.23 1.23 1.23 1.23 1.23 1.23 1.23 1.23 1.23 1.23 1.23 1.23 1.23
1.00788 0.983294 0.98445 0.9843 0.982998 0.984726 0.989734 0.991138 0.983307 0.970749 0.964462 0.971208 0.990647 1.01897 1.05216 1.08703 1.12103 1.15205 1.17834 1.19872 1.21294 1.22172 1.22645 1.22866 1.22955 1.22987 1.22997 1.22999 1.23 1.23 1.23 1.23 1.23 1.23 1.23 1.23 1.23 1.23 1.23 1.23 1.23
1.00788 0.98321 0.984469 0.984684 0.983169 0.983805 0.98846 0.991678 0.986429 0.97419 0.965099 0.967658 0.983278 1.00881 1.04026 1.07431 1.10837 1.1403 1.16828 1.19091 1.20753 1.21842 1.2247 1.22786 1.22924 1.22976 1.22993 1.22998 1.23 1.23 1.23 1.23 1.23 1.23 1.23 1.23 1.23 1.23 1.23 1.23 1.23
1.00788 0.983131 0.984429 0.985007 0.983509 0.983173 0.987064 0.99153 0.988937 0.977879 0.966794 0.96543 0.977105 0.999605 1.02905 1.062 1.0958 1.12829 1.15762 1.18224 1.20118 1.21431 1.22237 1.22671 1.22875 1.22958 1.22987 1.22997 1.22999 1.23 1.23 1.23 1.23 1.23 1.23 1.23 1.23 1.23 1.23 1.23 1.23
1.00788 0.983065 0.984345 0.985245 0.983954 0.982845 0.985704 0.990814 0.99072 0.981537 0.969349 0.964473 0.972153 0.991392 1.01858 1.05018 1.08343 1.11615 1.14649 1.17282 1.19394 1.20932 1.21935 1.22511 1.22801 1.22928 1.22977 1.22994 1.22998 1.23 1.23 1.23 1.23 1.23 1.23 1.23 1.23 1.23 1.23 1.23 1.23
1.00787 0.983014 0.984234 0.985385 0.984437 0.982807 0.984508 0.989681 0.991738 0.984905 0.972531 0.964697 0.968435 0.984219 1.00891 1.03892 1.07137 1.10403 1.13505 1.16278 1.18585 1.20346 1.21557 1.22298 1.22696 1.22883 1.2296 1.22988 1.22997 1.22999 1.23 1.23 1.23 1.23 1.23 1.23 1.23 1.23 1.23 1.23 1.23
1.00787 0.982979 0.984113 0.985428 0.984899 0.983015 0.983568 0.988297 0.99202 0.987772 0.976086 0.965981 0.965944 0.978125 1.00009 1.02829 1.0597 1.09204 1.12343 1.15224 1.17703 1.19673 1.21099 1.22021 1.2255 1.22816 1.22933 1.22978 1.22994 1.22998 1.23 1.23 1.23 1.23 1.23 1.23 1.23 1.23 1.23 1.23 1.23
1.00787 0.982959 0.983999 0.985386 0.985293 0.983409 0.982937 0.98683 0.991651 0.989987 0.979751 0.968162 0.964649 0.97314 0.992165 1.01833 1.0485 1.08027 1.11177 1.14136 1.16757 1.1892 1.20557 1.21675 1.22355 1.2272 1.22891 1.22963 1.22988 1.22997 1.22999 1.23 1.23 1.23 1.23 1.23 1.23 1.23 1.23 1.23 1.23
1.00787 0.982952 0.983903 0.985277 0.985587 0.983917 0.982629 0.98543 0.990755 0.991467 0.983268 0.971045 0.964491 0.969284 0.985178 1.00909 1.03781 1.06881 1.10016 1.13025 1.15761 1.18093 1.19933 1.21253 1.22102 1.22586 1.2283 1.22938 1.2298 1.22994 1.22998 1.23 1.23 1.23 1.23 1.23 1.23 1.23 1.23 1.23 1.23
1.00786 0.982955 0.983835 0.985126 0.985765 0.984469 0.982626 0.984222 0.989489 0.992196 0.986408 0.974403 0.965377 0.966565 0.979166 1.00063 1.0277 1.05773 1.08872 1.11904 1.14726 1.17204 1.19231 1.20752 1.21784 1.22408 1.22742 1.229 1.22965 1.22989 1.22997 1.22999 1.23 1.23 1.23 1.23 1.23 1.23 1.23 1.23 1.23
1.00786 0.982964 0.983796 0.984956 0.985826 0.984997 0.98288 0.983293 0.988018 0.992221 0.988991 0.977995 0.967179 0.964967 0.974163 0.992968 1.0182 1.04708 1.0775 1.10783 1.13665 1.16261 1.18457 1.20174 1.21396 1.22177 1.22621 1.22843 1.22942 1.22981 1.22994 1.22998 1.23 1.23 1.23 1.23 1.23 1.23 1.23 1.23 1.23
1.00786 0.982975 0.983788 0.98479 0.985783 0.985449 0.983326 0.982689 0.986503 0.991636 0.990897 0.981573 0.969734 0.964455 0.970195 0.986156 1.00936 1.03691 1.06659 1.09672 1.12589 1.15278 1.1762 1.19519 1.20934 1.21885 1.22458 1.22763 1.22907 1.22967 1.2299 1.22997 1.22999 1.23 1.23 1.23 1.23 1.23 1.23 1.23 1.23
1.00786 0.982984 0.983807 0.984646 0.985656 0.985789 0.983891 0.98242 0.985091 0.990575 0.992068 0.984903 0.972848 0.964961 0.967277 0.980229 1.00122 1.02727 1.05604 1.08578 1.11508 1.14265 1.16729 1.18795 1.20397 1.21528 1.22247 1.22653 1.22856 1.22946 1.22982 1.22995 1.22999 1.23 1.23 1.23 1.23 1.23 1.23 1.23 1.23
1.00786 0.982988 0.983845 0.984538 0.985474 0.985998 0.984498 0.982465 0.983897 0.989193 0.992511 0.987785 0.976302 0.966386 0.965409 0.97522 0.993803 1.01819 1.0459 1.07508 1.10431 1.13233 1.15796 1.18008 1.19788 1.21102 1.2198 1.22504 1.22783 1.22915 1.2297 1.2299 1.22997 1.22999 1.23 1.23 1.23 1.23 1.23 1.23 1.23
1.00786 0.982985 0.983897 0.984471 0.985264 0.986073 0.985077 0.982771 0.983002 0.987654 0.992287 0.990067 0.979864 0.968599 0.96457 0.97116 0.987156 1.00971 1.0362 1.06468 1.09366 1.12192 1.14829 1.17167 1.19111 1.20605 1.21652 1.22311 1.22683 1.22868 1.22951 1.22983 1.22995 1.22999 1.23 1.23 1.23 1.23 1.23 1.23 1.23
1.00786 0.982973 0.983954 0.984448 0.985055 0.986027 0.985573 0.983272 0.982445 0.986114 0.991501 0.991657 0.983305 0.971433 0.964716 0.96807 0.981314 1.00186 1.02699 1.05461 1.08319 1.1115 1.13841 1.16281 1.18372 1.20039 1.21259 1.22067 1.22548 1.22802 1.22922 1.22972 1.22991 1.22997 1.22999 1.23 1.23 1.23 1.23 1.23 1.23
1.00786 0.982955 0.984009 0.984464 0.984869 0.985884 0.985946 0.983889 0.982232 0.984711 0.990292 0.992523 0.986413 0.974697 0.965773 0.965959 0.976309 0.994669 1.01829 1.04493 1.07297 1.10116 1.12839 1.15361 1.17578 1.19406 1.20799 1.21766 1.22372 1.2271 1.2288 1.22955 1.22985 1.22995 1.22999 1.23 1.23 1.23 1.23 1.23 1.23
1.00786 0.982929 0.984056 0.984512 0.984725 0.985674 0.986175 0.984544 0.982335 0.983553 0.988816 0.992689 0.989016 0.978178 0.967635 0.96482 0.972174 0.988179 1.01013 1.03566 1.06303 1.09094 1.11832 1.14414 1.16738 1.18711 1.20272 1.21404 1.22148 1.22588 1.22819 1.22928 1.22974 1.22992 1.22998 1.22999 1.23 1.23 1.23 1.23 1.23
1.00786 0.982899 0.984092 0.984581 0.984631 0.985429 0.986258 0.985165 0.982699 0.98271 0.987229 0.992232 0.990989 0.981657 0.970166 0.964627 0.968934 0.982421 1.00255 1.02683 1.05341 1.08092 1.10829 1.13451 1.15861 1.17963 1.19681 1.20979 1.21872 1.22428 1.22737 1.2289 1.22959 1.22986 1.22996 1.22999 1.23 1.23 1.23 1.23 1.23
1.00786 0.982866 0.984114 0.984661 0.984591 0.985182 0.986207 0.985693 0.983253 0.982216 0.985685 0.991264 0.992266 0.98492 0.973198 0.965327 0.966605 0.977428 0.995569 1.01848 1.04415 1.07114 1.09834 1.1248 1.14956 1.17167 1.1903 1.20489 1.21539 1.22224 1.22625 1.22836 1.22935 1.22976 1.22992 1.22998 1.22999 1.23 1.23 1.23 1.23
1.00786 0.982834 0.984122 0.98474 0.984601 0.98496 0.986048 0.986087 0.983917 0.98207 0.984311 0.989928 0.992836 0.987781 0.976542 0.966838 0.965193 0.973232 0.989226 1.01062 1.03527 1.06162 1.08854 1.11508 1.14031 1.16332 1.18324 1.19938 1.21146 1.21971 1.22479 1.22761 1.229 1.22962 1.22987 1.22996 1.22999 1.23 1.23 1.23 1.23
1.00786 0.982802 0.984118 0.984811 0.984652 0.984784 0.985813 0.986328 0.984612 0.982237 0.983205 0.988377 0.992742 0.990091 0.979993 0.969049 0.964682 0.969862 0.983551 1.00328 1.02679 1.05241 1.07893 1.1054 1.13095 1.15468 1.17571 1.19327 1.20692 1.21664 1.22293 1.2266 1.22851 1.22941 1.22979 1.22993 1.22998 1.22999 1.23 1.23 1.23
1.00786 0.982773 0.984104 0.984866 0.984733 0.984666 0.985539 0.986412 0.985263 0.98266 0.98243 0.986765 0.99207 0.991754 0.983343 0.971819 0.965039 0.96734 0.978576 0.996501 1.01876 1.04353 1.06955 1.09584 1.12154 1.1458 1.16777 1.18663 1.20178 1.21302 1.22062 1.22527 1.22783 1.2291 1.22966 1.22988 1.22996 1.22999 1.23 1.23 1.23
1.00786 0.982746 0.984084 0.984902 0.98483 0.98461 0.985259 0.986352 0.985813 0.983266 0.982009 0.985235 0.990942 0.992726 0.986399 0.97498 0.966203 0.965676 0.974332 0.990298 1.01117 1.03501 1.06043 1.08642 1.11214 1.13679 1.15952 1.17951 1.19606 1.20881 1.21781 1.22358 1.22692 1.22865 1.22946 1.2298 1.22994 1.22998 1.22999 1.23 1.23
1.00786 0.982723 0.984062 0.984917 0.98493 0.984614 0.985006 0.986176 0.98622 0.983973 0.981936 0.983906 0.989501 0.993016 0.988995 0.978345 0.968086 0.96487 0.97085 0.984705 1.00407 1.02686 1.0516 1.0772 1.10282 1.12769 1.15101 1.17197 1.18982 1.20402 1.21446 1.22147 1.22572 1.22804 1.22918 1.22969 1.22989 1.22997 1.22999 1.23 1.23
1.00786 0.982703 0.98404 0.984914 0.985021 0.984668 0.984803 0.985918 0.986465 0.984701 0.982171 0.982866 0.987896 0.992681 0.991009 0.981719 0.97057 0.964901 0.968154 0.979752 0.997466 1.01912 1.04307 1.0682 1.09362 1.11858 1.14234 1.1641 1.18309 1.19868 1.21057 1.21889 1.22418 1.22721 1.22878 1.22951 1.22982 1.22994 1.22998 1.22999 1.23
1.00786 0.982686 0.984021 0.984896 0.985094 0.98476 0.984663 0.985616 0.986543 0.985375 0.982654 0.982168 0.986277 0.991818 0.992367 0.984905 0.973511 0.965725 0.966262 0.975471 0.991395 1.01178 1.03488 1.05944 1.08456 1.10951 1.13356 1.15596 1.17594 1.19281 1.20612 1.21581 1.22225 1.22612 1.22823 1.22926 1.22972 1.2299 1.22997 1.22999 1.23
1.00786 0.982671 0.984008 0.984867 0.985144 0.984873 0.984594 0.985309 0.986472 0.985938 0.983309 0.981828 0.984778 0.990552 0.993047 0.987731 0.976741 0.967276 0.965181 0.971892 0.985882 1.00489 1.02703 1.05095 1.0757 1.10052 1.12473 1.14762 1.16843 1.18646 1.20113 1.21221 1.21989 1.22473 1.22748 1.2289 1.22956 1.22984 1.22995 1.22998 1.23
1.00786 0.982657 0.984002 0.984832 0.985169 0.984992 0.984592 0.985028 0.986278 0.98635 0.984054 0.981832 0.983508 0.989027 0.993075 0.990053 0.980078 0.969458 0.964902 0.969042 0.980956 0.998462 1.01955 1.04275 1.06704 1.09165 1.11591 1.13914 1.16064 1.17968 1.19562 1.20807 1.21706 1.22297 1.2265 1.22841 1.22934 1.22975 1.22991 1.22997 1.23
1.00786 0.982644 0.984002 0.984797 0.985169 0.985103 0.984648 0.984801 0.985997 0.986591 0.984808 0.982137 0.982544 0.987389 0.992521 0.991772 0.983334 0.972149 0.965398 0.966943 0.976647 0.992517 1.01245 1.03486 1.05862 1.08294 1.10714 1.1306 1.15264 1.17254 1.18963 1.20342 1.21373 1.22081 1.22523 1.22774 1.22901 1.22961 1.22986 1.22995 1.23
1.00786 0.982631 0.984008 0.984765 0.985148 0.985195 0.984748 0.984643 0.985671 0.98666 0.985498 0.982678 0.98193 0.985781 0.99149 0.992835 0.986331 0.975201 0.966619 0.965608 0.972985 0.987083 1.00576 1.02729 1.05046 1.0744 1.09847 1.12203 1.14447 1.1651 1.18322 1.19826 1.2099 1.21821 1.22364 1.22685 1.22857 1.2294 1.22977 1.22992 1.23
1.00786 0.982616 0.984019 0.984741 0.985112 0.98526 0.984875 0.984562 0.985338 0.986573 0.986067 0.983379 0.981675 0.984327 0.99011 0.99324 0.988912 0.978449 0.968488 0.965037 0.969998 0.982187 0.99949 1.02006 1.04256 1.06608 1.08992 1.1135 1.13621 1.15741 1.17643 1.19262 1.20556 1.21515 1.22167 1.2257 1.22797 1.22912 1.22965 1.22987 1.23
1.00786 0.9826 0.984033 0.984726 0.985067 0.985295 0.985012 0.984555 0.985035 0.986359 0.986476 0.984157 0.981758 0.983126 0.988522 0.993027 0.990957 0.981717 0.970906 0.965217 0.967711 0.977859 0.993665 1.01318 1.03495 1.05797 1.08152 1.10502 1.1279 1.14955 1.16932 1.18656 1.20073 1.2116 1.21929 1.22425 1.22717 1.22872 1.22947 1.22979 1.23
1.00786 0.982582 0.984049 0.98472 0.985019 0.9853 0.985141 0.984614 0.984787 0.986057 0.986708 0.98493 0.982132 0.982246 0.98687 0.992278 0.992387 0.984826 0.973746 0.966111 0.966142 0.974126 0.988308 1.00667 1.02763 1.0501 1.0733 1.09665 1.1196 1.14157 1.16196 1.18011 1.19543 1.20757 1.21647 1.22246 1.22613 1.22818 1.22921 1.22967 1.23
1.00786 0.982563 0.984065 0.984724 0.984975 0.98528 0.985251 0.984722 0.984614 0.985708 0.986763 0.985629 0.982729 0.981721 0.985287 0.991102 0.993169 0.987613 0.976859 0.967664 0.965298 0.971019 0.983445 1.00055 1.02063 1.04248 1.06528 1.0884 1.11133 1.13352 1.1544 1.17333 1.18971 1.20305 1.21319 1.22028 1.22482 1.22746 1.22886 1.2295 1.23