286.1 286.1 286.1 286.1 286.1 286.1 286.1 286.1 286.1 286.1 286.1 286.1 286.1 286.1 286.1 286.1 286.1 286.1 286.1 286.1 286.1 286.1 286.1 286.1 286.1 286.1 286.1 286.1 286.1 286.1 286.1 286.1 286.1 286.1 286.1 286.1 286.1 286.1 286.1 286.1 286.1
286.1 286.1 286.1 286.1 286.1 286.1 286.1 286.1 286.1 286.1 286.1 286.1 286.1 286.1 286.1 286.1 286.1 286.1 286.1 286.1 286.1 286.1 286.1 286.1 286.1 286.1 286.1 286.1 286.1 286.1 286.1 286.1 286.1 286.1 286.1 286.1 286.1 286.1 286.1 286.1 286.1
286.1 286.1 286.1 286.1 286.1 286.1 286.1 286.1 286.1 286.1 286.1 286.1 286.1 286.1 286.1 286.1 286.1 286.1 286.1 286.1 286.1 286.1 286.1 286.1 286.1 286.1 286.1 286.1 286.1 286.1 286.1 286.1 286.1 286.1 286.1 286.1 286.1 286.1 286.1 286.1 286.1
286.1 286.1 286.1 286.1 286.1 286.1 286.1 286.1 286.1 286.1 286.1 286.1 286.1 286.1 286.1 286.1 286.1 286.1 286.1 286.1 286.1 286.1 286.1 286.1 286.1 286.1 286.1 286.1 286.1 286.1 286.1 286.1 286.1 286.1 286.1 286.1 286.1 286.1 286.1 286.1 286.1
286.1 286.1 286.1 286.1 286.1 286.1 286.1 286.1 286.1 286.1 286.1 286.1 286.1 286.1 286.1 286.1 286.1 286.1 286.1 286.1 286.1 286.1 286.1 286.1 286.1 286.1 286.1 286.1 286.1 286.1 286.1 286.1 286.1 286.1 286.1 286.1 286.1 286.1 286.1 286.1 286.1
286.1 286.1 286.1 286.1 286.1 286.1 286.1 286.1 286.1 286.1 286.1 286.1 286.1 286.1 286.1 286.1 286.1 286.1 286.1 286.1 286.1 286.1 286.1 286.1 286.1 286.1 286.1 286.1 286.1 286.1 286.1 286.1 286.1 286.1 286.1 286.1 286.1 286.1 286.1 286.1 286.1
286.1 286.1 286.1 286.1 286.1 286.1 286.1 286.1 286.1 286.1 286.1 286.1 286.1 286.1 286.1 286.1 286.1 286.1 286.1 286.1 286.1 286.1 286.1 286.1 286.1 286.1 286.1 286.1 286.1 286.1 286.1 286.1 286.1 286.1 286.1 286.1 286.1 286.1 286.1 286.1 286.1
286.1 286.1 286.1 286.1 286.1 286.1 286.1 286.1 286.1 286.1 286.1 286.1 286.1 286.1 286.1 286.1 286.1 286.1 286.1 286.1 286.1 286.1 286.1 286.1 286.1 286.1 286.1 286.1 286.1 286.1 286.1 286.1 286.1 286.1 286.1 286.1 286.1 286.1 286.1 286.1 286.1
286.1 286.1 286.1 286.1 286.1 286.1 286.1 286.1 286.1 286.1 286.1 286.1 286.1 286.1 286.1 286.1 286.1 286.1 286.1 286.1 286.1 286.1 286.1 286.1 286.1 286.1 286.1 286.1 286.1 286.1 286.1 286.1 286.1 286.1 286.1 286.1 286.1 286.1 286.1 286.1 286.1
286.1 286.1 286.1 286.1 286.1 286.1 286.1 286.1 286.1 286.1 286.1 286.1 286.1 286.1 286.1 286.1 286.1 286.1 286.1 286.1 286.1 286.1 286.1 286.1 286.1 286.1 286.1 286.1 286.1 286.1 286.1 286.1 286.1 286.1 286.1 286.1 286.1 286.1 286.1 286.1 286.1
286.1 286.1 286.1 286.1 286.1 286.1 286.1 286.1 286.1 286.1 286.1 286.1 286.1 286.1 286.1 286.1 286.1 286.1 286.1 286.1 286.1 286.1 286.1 286.1 286.1 286.1 286.1 286.1 286.1 286.1 286.1 286.1 286.1 286.1 286.1 286.1 286.1 286.1 286.1 286.1 286.1
286.1 286.1 286.1 286.1 286.1 286.1 286.1 286.1 286.1 286.1 286.1 286.1 286.1 286.1 286.1 286.1 286.1 286.1 286.1 286.1 286.1 286.1 286.1 286.1 286.1 286.1 286.1 286.1 286.1 286.1 286.1 286.1 286.1 286.1 286.1 286.1 286.1 286.1 286.1 286.1 286.1
286.1 286.1 286.1 286.1 286.1 286.1 286.1 286.1 286.1 286.1 286.1 286.1 286.1 286.1 286.1 286.1 286.1 286.1 286.1 286.1 286.1 286.1 286.1 286.1 286.1 286.1 286.1 286.1 286.1 286.1 286.1 286.1 286.1 286.1 286.1 286.1 286.1 286.1 286.1 286.1 286.1
286.1 286.1 286.1 286.1 286.1 286.1 286.1 286.1 286.1 286.1 286.1 286.1 286.1 286.1 286.1 286.1 286.1 286.1 286.1 286.1 286.1 286.1 286.1 286.1 286.1 286.1 286.1 286.1 286.1 286.1 286.1 286.1 286.1 286.1 286.1 286.1 286.1 286.1 286.1 286.1 286.1
286.1 286.1 286.1 286.1 286.1 286.1 286.1 286.1 286.1 286.1 286.1 286.1 286.1 286.1 286.1 286.1 286.1 286.1 286.1 286.1 286.1 286.1 286.1 286.1 286.1 286.1 286.1 286.1 286.1 286.1 286.1 286.1 286.1 286.1 286.1 286.1 286.1 286.1 286.1 286.1 286.1
261.802 286.1 286.1 286.1 286.1 286.1 286.1 286.1 286.1 286.1 286.1 286.1 286.1 286.1 286.1 286.1 286.1 286.1 286.1 286.1 286.1 286.1 286.1 286.1 286.1 286.1 286.1 286.1 286.1 286.1 286.1 286.1 286.1 286.1 286.1 286.1 286.1 286.1 286.1 286.1 286.1
257.849 280.073 285.887 286.1 286.1 286.1 286.1 286.1 286.1 286.1 286.1 286.1 286.1 286.1 286.1 286.1 286.1 286.1 286.1 286.1 286.1 286.1 286.1 286.1 286.1 286.1 286.1 286.1 286.1 286.1 286.1 286.1 286.1 286.1 286.1 286.1 286.1 286.1 286.1 286.1 286.1
256.422 275.396 283.569 286.006 286.1 286.1 286.1 286.1 286.1 286.1 286.1 286.1 286.1 286.1 286.1 286.1 286.1 286.1 286.1 286.1 286.1 286.1 286.1 286.1 286.1 286.1 286.1 286.1 286.1 286.1 286.1 286.1 286.1 286.1 286.1 286.1 286.1 286.1 286.1 286.1 286.1
255.924 271.281 280.465 285.111 286.065 286.1 286.1 286.1 286.1 286.1 286.1 286.1 286.1 286.1 286.1 286.1 286.1 286.1 286.1 286.1 286.1 286.1 286.1 286.1 286.1 286.1 286.1 286.1 286.1 286.1 286.1 286.1 286.1 286.1 286.1 286.1 286.1 286.1 286.1 286.1 286.1
255.827 267.889 277.023 283.412 285.723 286.088 286.1 286.1 286.1 286.1 286.1 286.1 286.1 286.1 286.1 286.1 286.1 286.1 286.1 286.1 286.1 286.1 286.1 286.1 286.1 286.1 286.1 286.1 286.1 286.1 286.1 286.1 286.1 286.1 286.1 286.1 286.1 286.1 286.1 286.1 286.1
255.865 265.331 273.535 281.1 284.88 285.96 286.096 286.1 286.1 286.1 286.1 286.1 286.1 286.1 286.1 286.1 286.1 286.1 286.1 286.1 286.1 286.1 286.1 286.1 286.1 286.1 286.1 286.1 286.1 286.1 286.1 286.1 286.1 286.1 286.1 286.1 286.1 286.1 286.1 286.1 286.1
255.927 263.541 270.244 278.391 283.491 285.572 286.049 286.099 286.1 286.1 286.1 286.1 286.1 286.1 286.1 286.1 286.1 286.1 286.1 286.1 286.1 286.1 286.1 286.1 286.1 286.1 286.1 286.1 286.1 286.1 286.1 286.1 286.1 286.1 286.1 286.1 286.1 286.1 286.1 286.1 286.1
255.977 262.396 267.361 275.475 281.616 284.811 285.879 286.081 286.1 286.1 286.1 286.1 286.1 286.1 286.1 286.1 286.1 286.1 286.1 286.1 286.1 286.1 286.1 286.1 286.1 286.1 286.1 286.1 286.1 286.1 286.1 286.1 286.1 286.1 286.1 286.1 286.1 286.1 286.1 286.1 286.1
256.007 261.752 265.001 272.53 279.366 283.631 285.492 286.011 286.093 286.1 286.1 286.1 286.1 286.1 286.1 286.1 286.1 286.1 286.1 286.1 286.1 286.1 286.1 286.1 286.1 286.1 286.1 286.1 286.1 286.1 286.1 286.1 286.1 286.1 286.1 286.1 286.1 286.1 286.1 286.1 286.1
256.018 261.477 263.2 269.718 276.869 282.054 284.806 285.825 286.065 286.098 286.1 286.1 286.1 286.1 286.1 286.1 286.1 286.1 286.1 286.1 286.1 286.1 286.1 286.1 286.1 286.1 286.1 286.1 286.1 286.1 286.1 286.1 286.1 286.1 286.1 286.1 286.1 286.1 286.1 286.1 286.1
256.018 261.455 261.937 267.176 274.253 280.141 283.782 285.453 285.98 286.086 286.099 286.1 286.1 286.1 286.1 286.1 286.1 286.1 286.1 286.1 286.1 286.1 286.1 286.1 286.1 286.1 286.1 286.1 286.1 286.1 286.1 286.1 286.1 286.1 286.1 286.1 286.1 286.1 286.1 286.1 286.1
256.01 261.593 261.15 264.999 271.641 277.977 282.423 284.834 285.789 286.049 286.095 286.1 286.1 286.1 286.1 286.1 286.1 286.1 286.1 286.1 286.1 286.1 286.1 286.1 286.1 286.1 286.1 286.1 286.1 286.1 286.1 286.1 286.1 286.1 286.1 286.1 286.1 286.1 286.1 286.1 286.1
255.998 261.803 260.756 263.238 269.15 275.657 280.764 283.932 285.438 285.956 286.079 286.098 286.1 286.1 286.1 286.1 286.1 286.1 286.1 286.1 286.1 286.1 286.1 286.1 286.1 286.1 286.1 286.1 286.1 286.1 286.1 286.1 286.1 286.1 286.1 286.1 286.1 286.1 286.1 286.1 286.1
255.984 262.016 260.664 261.908 266.876 273.276 278.864 282.742 284.878 285.768 286.036 286.091 286.099 286.1 286.1 286.1 286.1 286.1 286.1 286.1 286.1 286.1 286.1 286.1 286.1 286.1 286.1 286.1 286.1 286.1 286.1 286.1 286.1 286.1 286.1 286.1 286.1 286.1 286.1 286.1 286.1
255.97 262.204 260.782 260.991 264.888 270.924 276.794 281.285 284.076 285.44 285.94 286.072 286.097 286.1 286.1 286.1 286.1 286.1 286.1 286.1 286.1 286.1 286.1 286.1 286.1 286.1 286.1 286.1 286.1 286.1 286.1 286.1 286.1 286.1 286.1 286.1 286.1 286.1 286.1 286.1 286.1
255.957 262.353 261.031 260.445 263.232 268.685 274.627 279.602 283.023 284.931 285.757 286.025 286.088 286.099 286.1 286.1 286.1 286.1 286.1 286.1 286.1 286.1 286.1 286.1 286.1 286.1 286.1 286.1 286.1 286.1 286.1 286.1 286.1 286.1 286.1 286.1 286.1 286.1 286.1 286.1 286.1
255.947 262.459 261.344 260.211 261.929 266.628 272.438 277.746 281.73 284.212 285.452 285.929 286.066 286.095 286.099 286.1 286.1 286.1 286.1 286.1 286.1 286.1 286.1 286.1 286.1 286.1 286.1 286.1 286.1 286.1 286.1 286.1 286.1 286.1 286.1 286.1 286.1 286.1 286.1 286.1 286.1
255.939 262.524 261.666 260.225 260.978 264.806 270.295 275.776 280.227 283.272 284.988 285.754 286.017 286.085 286.098 286.1 286.1 286.1 286.1 286.1 286.1 286.1 286.1 286.1 286.1 286.1 286.1 286.1 286.1 286.1 286.1 286.1 286.1 286.1 286.1 286.1 286.1 286.1 286.1 286.1 286.1
255.935 262.551 261.959 260.417 260.358 263.257 268.259 273.751 278.554 282.117 284.34 285.47 285.922 286.061 286.093 286.099 286.1 286.1 286.1 286.1 286.1 286.1 286.1 286.1 286.1 286.1 286.1 286.1 286.1 286.1 286.1 286.1 286.1 286.1 286.1 286.1 286.1 286.1 286.1 286.1 286.1
255.932 262.549 262.2 260.721 260.034 262 266.383 271.728 276.758 280.766 283.496 285.047 285.757 286.011 286.082 286.097 286.1 286.1 286.1 286.1 286.1 286.1 286.1 286.1 286.1 286.1 286.1 286.1 286.1 286.1 286.1 286.1 286.1 286.1 286.1 286.1 286.1 286.1 286.1 286.1 286.1
255.931 262.524 262.375 261.08 259.96 261.042 264.706 269.761 274.888 279.252 282.457 284.461 285.493 285.919 286.057 286.092 286.099 286.1 286.1 286.1 286.1 286.1 286.1 286.1 286.1 286.1 286.1 286.1 286.1 286.1 286.1 286.1 286.1 286.1 286.1 286.1 286.1 286.1 286.1 286.1 286.1
255.932 262.483 262.485 261.444 260.083 260.375 263.259 267.896 272.992 277.611 281.237 283.699 285.106 285.763 286.008 286.08 286.097 286.1 286.1 286.1 286.1 286.1 286.1 286.1 286.1 286.1 286.1 286.1 286.1 286.1 286.1 286.1 286.1 286.1 286.1 286.1 286.1 286.1 286.1 286.1 286.1
255.933 262.431 262.532 261.776 260.347 259.98 262.059 266.173 271.116 275.885 279.861 282.76 284.574 285.519 285.919 286.054 286.091 286.099 286.1 286.1 286.1 286.1 286.1 286.1 286.1 286.1 286.1 286.1 286.1 286.1 286.1 286.1 286.1 286.1 286.1 286.1 286.1 286.1 286.1 286.1 286.1
255.935 262.376 262.527 262.049 260.697 259.826 261.115 264.621 269.3 274.114 278.358 281.654 283.884 285.165 285.772 286.006 286.078 286.096 286.099 286.1 286.1 286.1 286.1 286.1 286.1 286.1 286.1 286.1 286.1 286.1 286.1 286.1 286.1 286.1 286.1 286.1 286.1 286.1 286.1 286.1 286.1
255.936 262.326 262.481 262.251 261.084 259.874 260.427 263.265 267.581 272.337 276.763 280.399 283.033 284.68 285.547 285.921 286.053 286.09 286.098 286.1 286.1 286.1 286.1 286.1 286.1 286.1 286.1 286.1 286.1 286.1 286.1 286.1 286.1 286.1 286.1 286.1 286.1 286.1 286.1 286.1 286.1
255.937 262.286 262.408 262.377 261.464 260.08 259.985 262.121 265.987 270.59 275.111 279.02 282.026 284.053 285.222 285.784 286.006 286.077 286.095 286.099 286.1 286.1 286.1 286.1 286.1 286.1 286.1 286.1 286.1 286.1 286.1 286.1 286.1 286.1 286.1 286.1 286.1 286.1 286.1 286.1 286.1
255.938 262.26 262.322 262.431 261.803 260.396 259.767 261.199 264.544 268.906 273.435 277.544 280.878 283.279 284.78 285.576 285.925 286.051 286.089 286.098 286.1 286.1 286.1 286.1 286.1 286.1 286.1 286.1 286.1 286.1 286.1 286.1 286.1 286.1 286.1 286.1 286.1 286.1 286.1 286.1 286.1
255.938 262.248 262.235 262.422 262.077 260.776 259.749 260.501 263.27 267.312 271.768 276.004 279.609 282.36 284.209 285.278 285.797 286.006 286.076 286.095 286.099 286.1 286.1 286.1 286.1 286.1 286.1 286.1 286.1 286.1 286.1 286.1 286.1 286.1 286.1 286.1 286.1 286.1 286.1 286.1 286.1
255.938 262.249 262.157 262.365 262.276 261.176 259.894 260.024 262.181 265.831 270.137 274.427 278.243 281.308 283.503 284.874 285.605 285.93 286.051 286.088 286.098 286.1 286.1 286.1 286.1 286.1 286.1 286.1 286.1 286.1 286.1 286.1 286.1 286.1 286.1 286.1 286.1 286.1 286.1 286.1 286.1
255.938 262.261 262.095 262.274 262.395 261.557 260.165 259.756 261.284 264.482 268.568 272.841 276.806 280.139 282.663 284.353 285.331 285.811 286.008 286.075 286.094 286.099 286.1 286.1 286.1 286.1 286.1 286.1 286.1 286.1 286.1 286.1 286.1 286.1 286.1 286.1 286.1 286.1 286.1 286.1 286.1
255.938 262.28 262.053 262.165 262.438 261.889 260.519 259.677 260.586 263.282 267.083 271.274 275.324 278.873 281.697 283.708 284.963 285.634 285.937 286.051 286.088 286.097 286.1 286.1 286.1 286.1 286.1 286.1 286.1 286.1 286.1 286.1 286.1 286.1 286.1 286.1 286.1 286.1 286.1 286.1 286.1
255.937 262.3 262.031 262.054 262.417 262.153 260.916 259.763 260.085 262.242 265.699 269.746 273.821 277.531 280.617 282.938 284.486 285.383 285.826 286.01 286.075 286.094 286.099 286.1 286.1 286.1 286.1 286.1 286.1 286.1 286.1 286.1 286.1 286.1 286.1 286.1 286.1 286.1 286.1 286.1 286.1
255.937 262.321 262.027 261.953 262.345 262.338 261.316 259.983 259.776 261.372 264.434 268.279 272.321 276.139 279.442 282.049 283.896 285.046 285.662 285.944 286.052 286.087 286.097 286.099 286.1 286.1 286.1 286.1 286.1 286.1 286.1 286.1 286.1 286.1 286.1 286.1 286.1 286.1 286.1 286.1 286.1
255.936 262.339 262.039 261.872 262.238 262.441 261.687 260.301 259.646 260.678 263.299 266.889 270.844 274.716 278.19 281.052 283.19 284.61 285.433 285.841 286.013 286.075 286.094 286.099 286.1 286.1 286.1 286.1 286.1 286.1 286.1 286.1 286.1 286.1 286.1 286.1 286.1 286.1 286.1 286.1 286.1
255.936 262.355 262.062 261.814 262.113 262.469 262.002 260.68 259.677 260.16 262.305 265.592 269.409 273.285 276.881 279.96 282.371 284.069 285.124 285.691 285.951 286.053 286.087 286.097 286.099 286.1 286.1 286.1 286.1 286.1 286.1 286.1 286.1 286.1 286.1 286.1 286.1 286.1 286.1 286.1 286.1
255.935 262.366 262.091 261.783 261.987 262.432 262.245 261.083 259.844 259.818 261.461 264.399 268.033 271.864 275.537 278.79 281.448 283.42 284.725 285.48 285.856 286.017 286.075 286.094 286.099 286.1 286.1 286.1 286.1 286.1 286.1 286.1 286.1 286.1 286.1 286.1 286.1 286.1 286.1 286.1 286.1
255.935 262.374 262.122 261.777 261.873 262.344 262.407 261.475 260.12 259.644 260.774 263.323 266.727 270.471 274.174 277.561 280.433 282.665 284.229 285.197 285.718 285.959 286.055 286.087 286.097 286.099 286.1 286.1 286.1 286.1 286.1 286.1 286.1 286.1 286.1 286.1 286.1 286.1 286.1 286.1 286.1
255.934 262.378 262.15 261.791 261.78 262.222 262.488 261.828 260.471 259.624 260.246 262.371 265.506 269.12 272.812 276.29 279.34 281.811 283.632 284.831 285.525 285.871 286.021 286.076 286.094 286.099 286.1 286.1 286.1 286.1 286.1 286.1 286.1 286.1 286.1 286.1 286.1 286.1 286.1 286.1 286.1
255.934 262.38 262.174 261.821 261.716 262.084 262.495 262.12 260.863 259.741 259.877 261.553 264.378 267.824 271.465 274.995 278.185 280.866 282.935 284.376 285.265 285.744 285.967 286.057 286.088 286.097 286.099 286.1 286.1 286.1 286.1 286.1 286.1 286.1 286.1 286.1 286.1 286.1 286.1 286.1 286.1
255.934 262.379 262.19 261.86 261.681 261.947 262.438 262.336 261.263 259.972 259.665 260.874 263.354 266.593 270.148 273.691 276.985 279.845 282.144 283.827 284.931 285.567 285.886 286.025 286.077 286.094 286.099 286.1 286.1 286.1 286.1 286.1 286.1 286.1 286.1 286.1 286.1 286.1 286.1 286.1 286.1
255.934 262.377 262.198 261.902 261.675 261.823 262.334 262.471 261.641 260.288 259.599 260.339 262.441 265.439 268.871 272.394 275.754 278.76 281.265 283.184 284.513 285.33 285.77 285.975 286.059 286.088 286.097 286.099 286.1 286.1 286.1 286.1 286.1 286.1 286.1 286.1 286.1 286.1 286.1 286.1 286.1
255.934 262.374 262.199 261.942 261.693 261.724 262.2 262.527 261.97 260.66 259.668 259.949 261.646 264.369 267.647 271.115 274.509 277.626 280.31 282.451 284.008 285.023 285.608 285.901 286.029 286.078 286.094 286.098 286.1 286.1 286.1 286.1 286.1 286.1 286.1 286.1 286.1 286.1 286.1 286.1 286.1
255.933 262.371 262.194 261.976 261.729 261.656 262.052 262.511 262.233 261.057 259.853 259.704 260.977 263.391 266.484 269.867 273.262 276.458 279.29 281.632 283.414 284.64 285.39 285.794 285.983 286.061 286.088 286.097 286.099 286.1 286.1 286.1 286.1 286.1 286.1 286.1 286.1 286.1 286.1 286.1 286.1
255.934 262.37 262.184 262 261.776 261.621 261.907 262.435 262.419 261.447 260.131 259.597 260.438 262.514 265.389 268.659 272.025 275.27 278.22 280.739 282.734 284.175 285.11 285.646 285.915 286.033 286.079 286.094 286.098 286.1 286.1 286.1 286.1 286.1 286.1 286.1 286.1 286.1 286.1 286.1 286.1
255.934 262.37 262.171 262.014 261.827 261.617 261.779 262.316 262.525 261.803 260.476 259.621 260.031 261.742 264.371 267.5 270.81 274.073 277.112 279.781 281.972 283.627 284.758 285.447 285.817 285.991 286.063 286.089 286.097 286.099 286.1 286.1 286.1 286.1 286.1 286.1 286.1 286.1 286.1 286.1 286.1
255.934 262.372 262.157 262.018 261.875 261.639 261.679 262.17 262.554 262.105 260.859 259.761 259.757 261.083 263.436 266.396 269.625 272.88 275.979 278.771 281.137 282.996 284.33 285.19 285.682 285.929 286.038 286.08 286.094 286.099 286.1 286.1 286.1 286.1 286.1 286.1 286.1 286.1 286.1 286.1 286.1
255.934 262.377 262.144 262.013 261.917 261.68 261.611 262.014 262.515 262.337 261.251 259.999 259.614 260.541 262.59 265.355 268.479 271.701 274.832 277.72 280.237 282.287 283.823 284.867 285.5 285.839 285.999 286.065 286.089 286.097 286.099 286.1 286.1 286.1 286.1 286.1 286.1 286.1 286.1 286.1 286.1
255.934 262.383 262.133 262 261.948 261.734 261.577 261.865 262.421 262.491 261.625 260.311 259.596 260.12 261.84 264.384 267.378 270.544 273.684 276.641 279.283 281.505 283.239 284.473 285.265 285.715 285.942 286.042 286.081 286.094 286.099 286.1 286.1 286.1 286.1 286.1 286.1 286.1 286.1 286.1 286.1
255.934 262.391 262.125 261.983 261.966 261.793 261.577 261.736 262.287 262.567 261.957 260.674 259.692 259.822 261.192 263.487 266.328 269.417 272.542 275.543 278.287 280.66 282.579 284.006 284.969 285.55 285.86 286.007 286.067 286.09 286.097 286.099 286.1 286.1 286.1 286.1 286.1 286.1 286.1 286.1 286.1
255.934 262.398 262.12 261.964 261.972 261.849 261.604 261.636 262.132 262.569 262.228 261.06 259.889 259.647 260.649 262.671 265.336 268.326 271.416 274.439 277.259 279.761 281.848 283.464 284.607 285.334 285.747 285.954 286.046 286.082 286.095 286.099 286.1 286.1 286.1 286.1 286.1 286.1 286.1 286.1 286.1
255.934 262.406 262.118 261.946 261.967 261.896 261.651 261.571 261.971 262.507 262.427 261.441 260.166 259.59 260.217 261.941 264.406 267.278 270.313 273.336 276.21 278.817 281.055 282.85 284.175 285.063 285.596 285.88 286.014 286.07 286.09 286.097 286.099 286.1 286.1 286.1 286.1 286.1 286.1 286.1 286.1
255.934 262.414 262.119 261.93 261.953 261.932 261.711 261.542 261.82 262.396 262.549 261.794 260.503 259.645 259.898 261.303 263.544 266.277 269.239 272.243 275.149 277.839 280.206 282.167 283.673 284.73 285.399 285.777 285.966 286.05 286.083 286.095 286.099 286.1 286.1 286.1 286.1 286.1 286.1 286.1 286.1
255.934 262.421 262.122 261.917 261.934 261.954 261.776 261.547 261.693 262.25 262.595 262.098 260.875 259.8 259.693 260.761 262.755 265.329 268.199 271.166 274.085 276.836 279.312 281.422 283.102 284.332 285.151 285.639 285.898 286.021 286.072 286.091 286.097 286.099 286.1 286.1 286.1 286.1 286.1 286.1 286.1
255.933 262.427 262.126 261.909 261.911 261.962 261.837 261.579 261.597 262.087 262.571 262.337 261.256 260.041 259.601 260.32 262.045 264.438 267.199 270.113 273.026 275.818 278.382 280.623 282.464 283.867 284.845 285.459 285.805 285.977 286.054 286.084 286.095 286.099 286.1 286.1 286.1 286.1 286.1 286.1 286.1
255.933 262.433 262.131 261.906 261.888 261.957 261.89 261.633 261.537 261.923 262.489 262.503 261.622 260.348 259.616 259.983 261.416 263.608 266.242 269.087 271.978 274.793 277.424 279.776 281.765 283.336 284.478 285.232 285.679 285.916 286.027 286.074 286.092 286.098 286.099 286.1 286.1 286.1 286.1 286.1 286.1
255.933 262.438 262.136 261.907 261.868 261.941 261.929 261.699 261.514 261.774 262.361 262.593 261.951 260.7 259.731 259.752 260.876 262.844 265.334 268.094 270.948 273.768 276.448 278.892 281.012 282.741 284.048 284.952 285.515 285.831 285.988 286.058 286.086 286.096 286.099 286.1 286.1 286.1 286.1 286.1 286.1
255.933 262.442 262.14 261.911 261.853 261.919 261.953 261.768 261.525 261.65 262.205 262.61 262.224 261.073 259.934 259.627 260.428 262.151 264.477 267.137 269.94 272.75 275.461 277.978 280.211 282.086 283.555 284.614 285.308 285.717 285.932 286.033 286.076 286.092 286.098 286.099 286.1 286.1 286.1 286.1 286.1
255.933 262.446 262.142 261.918 261.842 261.893 261.962 261.834 261.563 261.559 262.037 262.562 262.431 261.444 260.208 259.605 260.075 261.533 263.677 266.221 268.959 271.746 274.471 277.042 279.371 281.376 282.999 284.216 285.05 285.567 285.855 285.998 286.061 286.087 286.096 286.099 286.1 286.1 286.1 286.1 286.1
255.933 262.45 262.144 261.925 261.838 261.866 261.956 261.89 261.622 261.506 261.873 262.46 262.564 261.791 260.536 259.681 259.821 260.994 262.936 265.349 268.009 270.758 273.485 276.094 278.499 280.619 282.386 283.758 284.74 285.378 285.751 285.947 286.039 286.078 286.093 286.098 286.099 286.1 286.1 286.1 286.1
255.933 262.454 262.143 261.933 261.838 261.842 261.939 261.931 261.693 261.49 261.727 262.32 262.623 262.092 260.896 259.846 259.666 260.54 262.259 264.525 267.092 269.793 272.506 275.138 277.604 279.822 281.718 283.241 284.373 285.142 285.616 285.877 286.007 286.065 286.088 286.096 286.099 286.1 286.1 286.1 286.1
255.933 262.457 262.142 261.939 261.843 261.823 261.914 261.957 261.767 261.508 261.608 262.156 262.613 262.335 261.265 260.086 259.61 260.174 261.651 263.751 266.213 268.853 271.542 274.182 276.692 278.991 281.003 282.666 283.948 284.857 285.443 285.783 285.961 286.045 286.08 286.093 286.098 286.099 286.1 286.1 286.1
255.933 262.461 262.139 261.944 261.852 261.81 261.885 261.965 261.836 261.553 261.525 261.985 262.542 262.509 261.622 260.386 259.649 259.9 261.116 263.032 265.375 267.942 270.594 273.232 275.771 278.134 280.246 282.038 283.466 284.518 285.227 285.66 285.898 286.016 286.068 286.089 286.096 286.099 286.1 286.1 286.1
255.933 262.465 262.136 261.947 261.861 261.804 261.855 261.959 261.894 261.618 261.48 261.822 262.424 262.61 261.945 260.726 259.775 259.718 260.658 262.371 264.579 267.062 269.668 272.291 274.846 277.259 279.455 281.363 282.928 284.124 284.965 285.503 285.813 285.975 286.05 286.082 286.094 286.098 286.099 286.1 286.1
255.933 262.47 262.132 261.948 261.872 261.805 261.828 261.94 261.937 261.693 261.472 261.68 262.272 262.64 262.218 261.087 259.98 259.629 260.28 261.773 263.83 266.217 268.766 271.363 273.923 276.372 278.636 280.646 282.339 283.676 284.653 285.306 285.701 285.918 286.024 286.071 286.09 286.097 286.099 286.1 286.1
255.933 262.475 262.128 261.947 261.881 261.81 261.806 261.913 261.963 261.771 261.497 261.568 262.102 262.604 262.429 261.447 260.249 259.632 259.987 261.241 263.131 265.409 267.891 270.453 273.007 275.478 277.796 279.893 281.702 283.174 284.289 285.066 285.558 285.841 285.987 286.055 286.084 286.095 286.098 286.1 286.1
255.933 262.481 262.125 261.944 261.888 261.82 261.791 261.881 261.971 261.842 261.548 261.493 261.93 262.514 262.571 261.785 260.566 259.722 259.781 260.779 262.486 264.64 267.045 269.563 272.101 274.583 276.942 279.111 281.023 282.621 283.872 284.778 285.379 285.739 285.935 286.031 286.074 286.091 286.097 286.099 286.1
255.933 262.486 262.123 261.94 261.893 261.831 261.783 261.848 261.964 261.902 261.618 261.457 261.77 262.381 262.642 262.083 260.914 259.89 259.663 260.392 261.897 263.915 266.231 268.696 271.209 273.692 276.079 278.306 280.307 282.021 283.404 284.442 285.159 285.609 285.866 285.998 286.059 286.085 286.095 286.098 286.1
255.933 262.492 262.121 261.936 261.896 261.844 261.783 261.818 261.943 261.945 261.697 261.457 261.635 262.22 262.644 262.327 261.271 260.127 259.632 260.082 261.368 263.234 265.451 267.854 270.333 272.808 275.212 277.484 279.56 281.378 282.885 284.055 284.895 285.446 285.775 285.952 286.038 286.076 286.092 286.097 286.1
255.933 262.498 262.119 261.931 261.895 261.856 261.789 261.794 261.913 261.971 261.778 261.49 261.531 262.046 262.586 262.507 261.617 260.418 259.685 259.854 260.904 262.603 264.708 267.04 269.477 271.935 274.346 276.652 278.79 280.698 282.32 283.619 284.584 285.245 285.657 285.889 286.008 286.063 286.087 286.095 286.1
255.933 262.504 262.119 261.927 261.893 261.865 261.799 261.777 261.878 261.978 261.851 261.547 261.465 261.875 262.477 262.618 261.934 260.747 259.818 259.708 260.509 262.023 264.004 266.255 268.642 271.075 273.485 275.813 278 279.986 281.713 283.133 284.226 285.003 285.508 285.807 285.967 286.045 286.079 286.092 286.1
255.933 262.509 262.119 261.923 261.889 261.872 261.813 261.768 261.843 261.968 261.911 261.622 261.438 261.72 262.332 262.66 262.206 261.095 260.021 259.646 260.185 261.499 263.341 265.501 267.831 270.232 272.632 274.972 277.197 279.249 281.068 282.602 283.82 284.717 285.324 285.7 285.911 286.018 286.067 286.087 286.1
255.932 262.515 262.119 261.921 261.883 261.875 261.827 261.767 261.811 261.946 261.954 261.705 261.447 261.592 262.164 262.638 262.421 261.444 260.283 259.665 259.937 261.033 262.723 264.781 267.046 269.407 271.79 274.134 276.386 278.491 280.39 282.029 283.366 284.385 285.103 285.565 285.836 285.981 286.051 286.08 286.1
255.932 262.52 262.119 261.92 261.878 261.876 261.841 261.773 261.784 261.914 261.979 261.787 261.486 261.497 261.989 262.559 262.57 261.774 260.589 259.762 259.766 260.631 262.152 264.097 266.287 268.603 270.961 273.302 275.571 277.717 279.685 281.417 282.867 284.007 284.84 285.398 285.74 285.93 286.027 286.069 286.1
255.932 262.525 262.119 261.919 261.873 261.873 261.852 261.785 261.766 261.877 261.984 261.861 261.55 261.441 261.821 262.435 262.652 262.068 260.924 259.931 259.673 260.295 261.632 263.451 265.558 267.821 270.148 272.478 274.756 276.934 278.957 280.772 282.326 283.584 284.533 285.195 285.618 285.863 285.994 286.053 286.1