677.734 677.734 677.734 677.734 677.734 677.734 677.734 677.734 677.734 677.734 677.734 677.734 677.734 677.734 677.734 677.734 677.734 677.734 677.734 677.734 677.734 677.734 677.734 677.734 677.734 677.734 677.734 677.734 677.734 677.734 677.734 677.734 677.734 677.734 677.734 677.734 677.734 677.734 677.734 677.734 677.734
677.734 677.734 677.734 677.734 677.734 677.734 677.734 677.734 677.734 677.734 677.734 677.734 677.734 677.734 677.734 677.734 677.734 677.734 677.734 677.734 677.734 677.734 677.734 677.734 677.734 677.734 677.734 677.734 677.734 677.734 677.734 677.734 677.734 677.734 677.734 677.734 677.734 677.734 677.734 677.734 677.734
677.734 677.734 677.734 677.734 677.734 677.734 677.734 677.734 677.734 677.734 677.734 677.734 677.734 677.734 677.734 677.734 677.734 677.734 677.734 677.734 677.734 677.734 677.734 677.734 677.734 677.734 677.734 677.734 677.734 677.734 677.734 677.734 677.734 677.734 677.734 677.734 677.734 677.734 677.734 677.734 677.734
677.734 677.734 677.734 677.734 677.734 677.734 677.734 677.734 677.734 677.734 677.734 677.734 677.734 677.734 677.734 677.734 677.734 677.734 677.734 677.734 677.734 677.734 677.734 677.734 677.734 677.734 677.734 677.734 677.734 677.734 677.734 677.734 677.734 677.734 677.734 677.734 677.734 677.734 677.734 677.734 677.734
677.734 677.734 677.734 677.734 677.734 677.734 677.734 677.734 677.734 677.734 677.734 677.734 677.734 677.734 677.734 677.734 677.734 677.734 677.734 677.734 677.734 677.734 677.734 677.734 677.734 677.734 677.734 677.734 677.734 677.734 677.734 677.734 677.734 677.734 677.734 677.734 677.734 677.734 677.734 677.734 677.734
677.734 677.734 677.734 677.734 677.734 677.734 677.734 677.734 677.734 677.734 677.734 677.734 677.734 677.734 677.734 677.734 677.734 677.734 677.734 677.734 677.734 677.734 677.734 677.734 677.734 677.734 677.734 677.734 677.734 677.734 677.734 677.734 677.734 677.734 677.734 677.734 677.734 677.734 677.734 677.734 677.734
677.734 677.734 677.734 677.734 677.734 677.734 677.734 677.734 677.734 677.734 677.734 677.734 677.734 677.734 677.734 677.734 677.734 677.734 677.734 677.734 677.734 677.734 677.734 677.734 677.734 677.734 677.734 677.734 677.734 677.734 677.734 677.734 677.734 677.734 677.734 677.734 677.734 677.734 677.734 677.734 677.734
677.734 677.734 677.734 677.734 677.734 677.734 677.734 677.734 677.734 677.734 677.734 677.734 677.734 677.734 677.734 677.734 677.734 677.734 677.734 677.734 677.734 677.734 677.734 677.734 677.734 677.734 677.734 677.734 677.734 677.734 677.734 677.734 677.734 677.734 677.734 677.734 677.734 677.734 677.734 677.734 677.734
677.734 677.734 677.734 677.734 677.734 677.734 677.734 677.734 677.734 677.734 677.734 677.734 677.734 677.734 677.734 677.734 677.734 677.734 677.734 677.734 677.734 677.734 677.734 677.734 677.734 677.734 677.734 677.734 677.734 677.734 677.734 677.734 677.734 677.734 677.734 677.734 677.734 677.734 677.734 677.734 677.734
677.734 677.734 677.734 677.734 677.734 677.734 677.734 677.734 677.734 677.734 677.734 677.734 677.734 677.734 677.734 677.734 677.734 677.734 677.734 677.734 677.734 677.734 677.734 677.734 677.734 677.734 677.734 677.734 677.734 677.734 677.734 677.734 677.734 677.734 677.734 677.734 677.734 677.734 677.734 677.734 677.734
677.734 677.734 677.734 677.734 677.734 677.734 677.734 677.734 677.734 677.734 677.734 677.734 677.734 677.734 677.734 677.734 677.734 677.734 677.734 677.734 677.734 677.734 677.734 677.734 677.734 677.734 677.734 677.734 677.734 677.734 677.734 677.734 677.734 677.734 677.734 677.734 677.734 677.734 677.734 677.734 677.734
677.734 677.734 677.734 677.734 677.734 677.734 677.734 677.734 677.734 677.734 677.734 677.734 677.734 677.734 677.734 677.734 677.734 677.734 677.734 677.734 677.734 677.734 677.734 677.734 677.734 677.734 677.734 677.734 677.734 677.734 677.734 677.734 677.734 677.734 677.734 677.734 677.734 677.734 677.734 677.734 677.734
677.734 677.734 677.734 677.734 677.734 677.734 677.734 677.734 677.734 677.734 677.734 677.734 677.734 677.734 677.734 677.734 677.734 677.734 677.734 677.734 677.734 677.734 677.734 677.734 677.734 677.734 677.734 677.734 677.734 677.734 677.734 677.734 677.734 677.734 677.734 677.734 677.734 677.734 677.734 677.734 677.734
677.734 677.734 677.734 677.734 677.734 677.734 677.734 677.734 677.734 677.734 677.734 677.734 677.734 677.734 677.734 677.734 677.734 677.734 677.734 677.734 677.734 677.734 677.734 677.734 677.734 677.734 677.734 677.734 677.734 677.734 677.734 677.734 677.734 677.734 677.734 677.734 677.734 677.734 677.734 677.734 677.734
677.734 677.734 677.734 677.734 677.734 677.734 677.734 677.734 677.734 677.734 677.734 677.734 677.734 677.734 677.734 677.734 677.734 677.734 677.734 677.734 677.734 677.734 677.734 677.734 677.734 677.734 677.734 677.734 677.734 677.734 677.734 677.734 677.734 677.734 677.734 677.734 677.734 677.734 677.734 677.734 677.734
709.724 677.734 677.734 677.734 677.734 677.734 677.734 677.734 677.734 677.734 677.734 677.734 677.734 677.734 677.734 677.734 677.734 677.734 677.734 677.734 677.734 677.734 677.734 677.734 677.734 677.734 677.734 677.734 677.734 677.734 677.734 677.734 677.734 677.734 677.734 677.734 677.734 677.734 677.734 677.734 677.734
715.244 686.311 678.048 677.734 677.734 677.734 677.734 677.734 677.734 677.734 677.734 677.734 677.734 677.734 677.734 677.734 677.734 677.734 677.734 677.734 677.734 677.734 677.734 677.734 677.734 677.734 677.734 677.734 677.734 677.734 677.734 677.734 677.734 677.734 677.734 677.734 677.734 677.734 677.734 677.734 677.734
717.225 692.567 681.435 677.873 677.734 677.734 677.734 677.734 677.734 677.734 677.734 677.734 677.734 677.734 677.734 677.734 677.734 677.734 677.734 677.734 677.734 677.734 677.734 677.734 677.734 677.734 677.734 677.734 677.734 677.734 677.734 677.734 677.734 677.734 677.734 677.734 677.734 677.734 677.734 677.734 677.734
717.916 697.84 685.844 679.192 677.785 677.734 677.734 677.734 677.734 677.734 677.734 677.734 677.734 677.734 677.734 677.734 677.734 677.734 677.734 677.734 677.734 677.734 677.734 677.734 677.734 677.734 677.734 677.734 677.734 677.734 677.734 677.734 677.734 677.734 677.734 677.734 677.734 677.734 677.734 677.734 677.734
718.051 702.07 690.574 681.664 678.291 677.752 677.734 677.734 677.734 677.734 677.734 677.734 677.734 677.734 677.734 677.734 677.734 677.734 677.734 677.734 677.734 677.734 677.734 677.734 677.734 677.734 677.734 677.734 677.734 677.734 677.734 677.734 677.734 677.734 677.734 677.734 677.734 677.734 677.734 677.734 677.734
717.998 705.207 695.201 684.961 679.529 677.941 677.74 677.734 677.734 677.734 677.734 677.734 677.734 677.734 677.734 677.734 677.734 677.734 677.734 677.734 677.734 677.734 677.734 677.734 677.734 677.734 677.734 677.734 677.734 677.734 677.734 677.734 677.734 677.734 677.734 677.734 677.734 677.734 677.734 677.734 677.734
717.911 707.38 699.423 688.73 681.551 678.514 677.81 677.736 677.734 677.734 677.734 677.734 677.734 677.734 677.734 677.734 677.734 677.734 677.734 677.734 677.734 677.734 677.734 677.734 677.734 677.734 677.734 677.734 677.734 677.734 677.734 677.734 677.734 677.734 677.734 677.734 677.734 677.734 677.734 677.734 677.734
717.842 708.768 703.008 692.67 684.236 679.631 678.06 677.761 677.734 677.734 677.734 677.734 677.734 677.734 677.734 677.734 677.734 677.734 677.734 677.734 677.734 677.734 677.734 677.734 677.734 677.734 677.734 677.734 677.734 677.734 677.734 677.734 677.734 677.734 677.734 677.734 677.734 677.734 677.734 677.734 677.734
717.801 709.554 705.866 696.532 687.393 681.348 678.632 677.866 677.743 677.734 677.734 677.734 677.734 677.734 677.734 677.734 677.734 677.734 677.734 677.734 677.734 677.734 677.734 677.734 677.734 677.734 677.734 677.734 677.734 677.734 677.734 677.734 677.734 677.734 677.734 677.734 677.734 677.734 677.734 677.734 677.734
717.785 709.902 707.999 700.113 690.816 683.614 679.638 678.141 677.786 677.737 677.734 677.734 677.734 677.734 677.734 677.734 677.734 677.734 677.734 677.734 677.734 677.734 677.734 677.734 677.734 677.734 677.734 677.734 677.734 677.734 677.734 677.734 677.734 677.734 677.734 677.734 677.734 677.734 677.734 677.734 677.734
717.786 709.948 709.469 703.262 694.309 686.316 681.129 678.689 677.912 677.754 677.735 677.734 677.734 677.734 677.734 677.734 677.734 677.734 677.734 677.734 677.734 677.734 677.734 677.734 677.734 677.734 677.734 677.734 677.734 677.734 677.734 677.734 677.734 677.734 677.734 677.734 677.734 677.734 677.734 677.734 677.734
717.797 709.803 710.372 705.894 697.705 689.311 683.088 679.598 678.193 677.809 677.741 677.734 677.734 677.734 677.734 677.734 677.734 677.734 677.734 677.734 677.734 677.734 677.734 677.734 677.734 677.734 677.734 677.734 677.734 677.734 677.734 677.734 677.734 677.734 677.734 677.734 677.734 677.734 677.734 677.734 677.734
717.814 709.569 710.818 707.981 700.858 692.451 685.443 680.912 678.71 677.946 677.765 677.736 677.734 677.734 677.734 677.734 677.734 677.734 677.734 677.734 677.734 677.734 677.734 677.734 677.734 677.734 677.734 677.734 677.734 677.734 677.734 677.734 677.734 677.734 677.734 677.734 677.734 677.734 677.734 677.734 677.734
717.833 709.332 710.919 709.532 703.666 695.598 688.094 682.63 679.533 678.224 677.829 677.746 677.735 677.734 677.734 677.734 677.734 677.734 677.734 677.734 677.734 677.734 677.734 677.734 677.734 677.734 677.734 677.734 677.734 677.734 677.734 677.734 677.734 677.734 677.734 677.734 677.734 677.734 677.734 677.734 677.734
717.852 709.123 710.782 710.589 706.065 698.63 690.926 684.707 680.703 678.708 677.971 677.775 677.739 677.734 677.734 677.734 677.734 677.734 677.734 677.734 677.734 677.734 677.734 677.734 677.734 677.734 677.734 677.734 677.734 677.734 677.734 677.734 677.734 677.734 677.734 677.734 677.734 677.734 677.734 677.734 677.734
717.87 708.956 710.498 711.215 708.023 701.447 693.827 687.071 682.227 679.456 678.24 677.844 677.751 677.735 677.734 677.734 677.734 677.734 677.734 677.734 677.734 677.734 677.734 677.734 677.734 677.734 677.734 677.734 677.734 677.734 677.734 677.734 677.734 677.734 677.734 677.734 677.734 677.734 677.734 677.734 677.734
717.884 708.837 710.142 711.482 709.539 703.976 696.694 689.633 684.077 680.506 678.691 677.987 677.784 677.741 677.734 677.734 677.734 677.734 677.734 677.734 677.734 677.734 677.734 677.734 677.734 677.734 677.734 677.734 677.734 677.734 677.734 677.734 677.734 677.734 677.734 677.734 677.734 677.734 677.734 677.734 677.734
717.895 708.764 709.775 711.469 710.631 706.169 699.438 692.3 686.199 681.868 679.372 678.245 677.856 677.756 677.736 677.734 677.734 677.734 677.734 677.734 677.734 677.734 677.734 677.734 677.734 677.734 677.734 677.734 677.734 677.734 677.734 677.734 677.734 677.734 677.734 677.734 677.734 677.734 677.734 677.734 677.734
717.901 708.732 709.442 711.254 711.336 708 701.986 694.987 688.525 683.526 680.319 678.663 677.997 677.791 677.743 677.735 677.734 677.734 677.734 677.734 677.734 677.734 677.734 677.734 677.734 677.734 677.734 677.734 677.734 677.734 677.734 677.734 677.734 677.734 677.734 677.734 677.734 677.734 677.734 677.734 677.734
717.905 708.733 709.17 710.912 711.702 709.463 704.285 697.615 690.979 685.441 681.544 679.286 678.241 677.865 677.76 677.738 677.734 677.734 677.734 677.734 677.734 677.734 677.734 677.734 677.734 677.734 677.734 677.734 677.734 677.734 677.734 677.734 677.734 677.734 677.734 677.734 677.734 677.734 677.734 677.734 677.734
717.906 708.759 708.97 710.506 711.785 710.563 706.299 700.116 693.488 687.56 683.039 680.143 678.63 678.001 677.797 677.745 677.735 677.734 677.734 677.734 677.734 677.734 677.734 677.734 677.734 677.734 677.734 677.734 677.734 677.734 677.734 677.734 677.734 677.734 677.734 677.734 677.734 677.734 677.734 677.734 677.734
717.905 708.804 708.847 710.092 711.647 711.322 708.008 702.44 695.982 689.82 684.776 681.25 679.199 678.232 677.87 677.763 677.739 677.734 677.734 677.734 677.734 677.734 677.734 677.734 677.734 677.734 677.734 677.734 677.734 677.734 677.734 677.734 677.734 677.734 677.734 677.734 677.734 677.734 677.734 677.734 677.734
717.903 708.865 708.794 709.714 711.349 711.769 709.403 704.545 698.403 692.158 686.712 682.604 679.978 678.591 678.001 677.801 677.747 677.736 677.734 677.734 677.734 677.734 677.734 677.734 677.734 677.734 677.734 677.734 677.734 677.734 677.734 677.734 677.734 677.734 677.734 677.734 677.734 677.734 677.734 677.734 677.734
717.901 708.929 708.801 709.401 710.954 711.943 710.486 706.406 700.7 694.515 688.796 684.185 680.982 679.113 678.218 677.873 677.766 677.74 677.734 677.734 677.734 677.734 677.734 677.734 677.734 677.734 677.734 677.734 677.734 677.734 677.734 677.734 677.734 677.734 677.734 677.734 677.734 677.734 677.734 677.734 677.734
717.899 708.988 708.855 709.169 710.516 711.89 711.268 708.005 702.833 696.836 690.974 685.959 682.213 679.822 678.551 677.998 677.804 677.749 677.736 677.734 677.734 677.734 677.734 677.734 677.734 677.734 677.734 677.734 677.734 677.734 677.734 677.734 677.734 677.734 677.734 677.734 677.734 677.734 677.734 677.734 677.734
717.898 709.035 708.939 709.024 710.084 711.659 711.768 709.335 704.774 699.076 693.195 687.883 683.656 680.736 679.028 678.201 677.873 677.768 677.741 677.735 677.734 677.734 677.734 677.734 677.734 677.734 677.734 677.734 677.734 677.734 677.734 677.734 677.734 677.734 677.734 677.734 677.734 677.734 677.734 677.734 677.734
717.897 709.067 709.038 708.962 709.698 711.303 712.013 710.394 706.502 701.196 695.408 689.913 685.284 681.858 679.676 678.508 677.992 677.805 677.75 677.737 677.734 677.734 677.734 677.734 677.734 677.734 677.734 677.734 677.734 677.734 677.734 677.734 677.734 677.734 677.734 677.734 677.734 677.734 677.734 677.734 677.734
717.896 709.081 709.138 708.971 709.384 710.875 712.034 711.187 708.003 703.167 697.573 692.001 687.064 683.178 680.509 678.946 678.181 677.872 677.769 677.741 677.735 677.734 677.734 677.734 677.734 677.734 677.734 677.734 677.734 677.734 677.734 677.734 677.734 677.734 677.734 677.734 677.734 677.734 677.734 677.734 677.734
717.896 709.08 709.227 709.037 709.157 710.421 711.871 711.727 709.27 704.966 699.653 694.105 688.955 684.676 681.534 679.538 678.465 677.984 677.806 677.751 677.737 677.734 677.734 677.734 677.734 677.734 677.734 677.734 677.734 677.734 677.734 677.734 677.734 677.734 677.734 677.734 677.734 677.734 677.734 677.734 677.734
717.896 709.066 709.298 709.142 709.021 709.987 711.568 712.029 710.3 706.579 701.62 696.186 690.918 686.324 682.744 680.3 678.867 678.161 677.87 677.77 677.742 677.735 677.734 677.734 677.734 677.734 677.734 677.734 677.734 677.734 677.734 677.734 677.734 677.734 677.734 677.734 677.734 677.734 677.734 677.734 677.734
717.897 709.043 709.346 709.267 708.971 709.608 711.168 712.117 711.094 707.993 703.45 698.21 692.914 688.088 684.125 681.238 679.409 678.422 677.975 677.805 677.752 677.737 677.734 677.734 677.734 677.734 677.734 677.734 677.734 677.734 677.734 677.734 677.734 677.734 677.734 677.734 677.734 677.734 677.734 677.734 677.734
717.897 709.018 709.372 709.395 708.996 709.305 710.72 712.021 711.66 709.201 705.128 700.149 694.906 689.932 685.652 682.349 680.105 678.792 678.139 677.866 677.771 677.742 677.735 677.734 677.734 677.734 677.734 677.734 677.734 677.734 677.734 677.734 677.734 677.734 677.734 677.734 677.734 677.734 677.734 677.734 677.734
717.898 708.994 709.376 709.512 709.079 709.093 710.265 711.775 712.008 710.201 706.639 701.981 696.863 691.821 687.298 683.623 680.965 679.287 678.38 677.965 677.804 677.752 677.738 677.734 677.734 677.734 677.734 677.734 677.734 677.734 677.734 677.734 677.734 677.734 677.734 677.734 677.734 677.734 677.734 677.734 677.734
717.899 708.972 709.362 709.606 709.203 708.974 709.843 711.418 712.154 710.992 707.975 703.689 698.76 693.723 689.03 685.04 681.987 679.925 678.719 678.116 677.862 677.77 677.743 677.735 677.734 677.734 677.734 677.734 677.734 677.734 677.734 677.734 677.734 677.734 677.734 677.734 677.734 677.734 677.734 677.734 677.734
717.899 708.953 709.336 709.672 709.346 708.942 709.482 710.99 712.12 711.577 709.131 705.259 700.574 695.609 690.817 686.575 683.163 680.714 679.173 678.339 677.954 677.803 677.752 677.738 677.734 677.734 677.734 677.734 677.734 677.734 677.734 677.734 677.734 677.734 677.734 677.734 677.734 677.734 677.734 677.734 677.734
717.9 708.939 709.303 709.708 709.491 708.986 709.204 710.534 711.932 711.961 710.101 706.682 702.288 697.454 692.63 688.202 684.479 681.654 679.757 678.649 678.094 677.856 677.77 677.743 677.736 677.734 677.734 677.734 677.734 677.734 677.734 677.734 677.734 677.734 677.734 677.734 677.734 677.734 677.734 677.734 677.734
717.901 708.929 709.268 709.715 709.622 709.087 709.018 710.087 711.623 712.157 710.884 707.949 703.888 699.236 694.442 689.892 685.912 682.742 680.481 679.066 678.298 677.942 677.8 677.752 677.738 677.734 677.734 677.734 677.734 677.734 677.734 677.734 677.734 677.734 677.734 677.734 677.734 677.734 677.734 677.734 677.734
717.901 708.923 709.236 709.699 709.728 709.227 708.925 709.684 711.228 712.179 711.482 709.056 705.365 700.938 696.228 691.618 687.44 683.963 681.348 679.601 678.583 678.072 677.851 677.769 677.743 677.736 677.734 677.734 677.734 677.734 677.734 677.734 677.734 677.734 677.734 677.734 677.734 677.734 677.734 677.734 677.734
717.902 708.92 709.209 709.665 709.802 709.386 708.917 709.35 710.784 712.049 711.896 709.998 706.709 702.547 697.969 693.354 689.037 685.302 682.353 680.266 678.965 678.259 677.93 677.798 677.752 677.738 677.735 677.734 677.734 677.734 677.734 677.734 677.734 677.734 677.734 677.734 677.734 677.734 677.734 677.734 677.734
717.902 708.919 709.191 709.62 709.841 709.544 708.982 709.102 710.33 711.79 712.135 710.772 707.915 704.053 699.647 695.079 690.678 686.737 683.488 681.064 679.456 678.521 678.049 677.845 677.768 677.743 677.736 677.734 677.734 677.734 677.734 677.734 677.734 677.734 677.734 677.734 677.734 677.734 677.734 677.734 677.734
717.902 708.921 709.182 709.572 709.849 709.686 709.102 708.946 709.9 711.435 712.208 711.378 708.977 705.447 701.25 696.772 692.34 688.245 684.738 681.995 680.067 678.87 678.222 677.918 677.795 677.751 677.738 677.735 677.734 677.734 677.734 677.734 677.734 677.734 677.734 677.734 677.734 677.734 677.734 677.734 677.734
717.903 708.924 709.181 709.526 709.828 709.799 709.257 708.882 709.523 711.015 712.131 711.817 709.892 706.722 702.766 698.417 694.001 689.804 686.085 683.049 680.802 679.32 678.461 678.028 677.838 677.766 677.743 677.736 677.734 677.734 677.734 677.734 677.734 677.734 677.734 677.734 677.734 677.734 677.734 677.734 677.734
717.903 708.926 709.187 709.488 709.787 709.877 709.427 708.901 709.222 710.567 711.924 712.092 710.656 707.872 704.188 700.002 695.642 691.392 687.509 684.217 681.663 679.881 678.781 678.186 677.906 677.792 677.751 677.738 677.735 677.734 677.734 677.734 677.734 677.734 677.734 677.734 677.734 677.734 677.734 677.734 677.734
717.903 708.927 709.199 709.46 709.733 709.918 709.593 708.988 709.008 710.123 711.612 712.211 711.267 708.894 705.508 701.515 697.249 692.989 688.99 685.481 682.643 680.559 679.194 678.405 678.007 677.832 677.765 677.742 677.736 677.734 677.734 677.734 677.734 677.734 677.734 677.734 677.734 677.734 677.734 677.734 677.734
717.903 708.925 709.213 709.444 709.675 709.923 709.74 709.125 708.886 709.716 711.224 712.184 711.726 709.783 706.72 702.949 698.808 694.577 690.506 686.825 683.733 681.355 679.709 678.697 678.152 677.894 677.788 677.75 677.738 677.735 677.734 677.734 677.734 677.734 677.734 677.734 677.734 677.734 677.734 677.734 677.734
717.902 708.922 709.229 709.44 709.62 709.897 709.855 709.294 708.852 709.37 710.791 712.028 712.033 710.536 707.821 704.295 700.308 696.141 692.039 688.23 684.92 682.266 680.334 679.076 678.352 677.987 677.826 677.763 677.742 677.736 677.734 677.734 677.734 677.734 677.734 677.734 677.734 677.734 677.734 677.734 677.734
717.902 708.915 709.245 709.446 709.572 709.85 709.933 709.473 708.898 709.104 710.346 711.762 712.193 711.151 708.806 705.549 701.741 697.668 693.572 689.676 686.188 683.284 681.07 679.549 678.619 678.119 677.883 677.785 677.749 677.738 677.735 677.734 677.734 677.734 677.734 677.734 677.734 677.734 677.734 677.734 677.734
717.902 708.907 709.258 709.461 709.537 709.788 709.971 709.644 709.006 708.926 709.92 711.41 712.213 711.625 709.672 706.706 703.099 699.147 695.091 691.146 687.519 684.397 681.916 680.125 678.966 678.302 677.968 677.819 677.762 677.742 677.736 677.734 677.734 677.734 677.734 677.734 677.734 677.734 677.734 677.734 677.734
717.902 708.897 709.267 709.48 709.516 709.721 709.972 709.792 709.16 708.839 709.541 711.001 712.106 711.96 710.414 707.763 704.379 700.57 696.582 692.624 688.898 685.592 682.866 680.805 679.4 678.546 678.088 677.872 677.782 677.749 677.738 677.735 677.734 677.734 677.734 677.734 677.734 677.734 677.734 677.734 677.734
717.902 708.887 709.273 709.502 709.509 709.657 709.941 709.906 709.339 708.836 709.229 710.565 711.886 712.157 711.03 708.714 705.574 701.931 698.035 694.095 690.306 686.854 683.91 681.591 679.93 678.863 678.255 677.949 677.813 677.76 677.741 677.736 677.734 677.734 677.734 677.734 677.734 677.734 677.734 677.734 677.734
717.902 708.876 709.276 709.524 709.515 709.602 709.887 709.98 709.524 708.908 709 710.131 711.574 712.22 711.517 709.557 706.681 703.222 699.441 695.547 691.728 688.167 685.036 682.477 680.559 679.262 678.478 678.059 677.861 677.778 677.748 677.738 677.735 677.734 677.734 677.734 677.734 677.734 677.734 677.734 677.734
717.902 708.867 709.275 709.543 709.531 709.561 709.818 710.014 709.697 709.036 708.86 709.728 711.195 712.159 711.876 710.288 707.696 704.441 700.795 696.97 693.151 689.514 686.231 683.455 681.288 679.749 678.768 678.211 677.932 677.807 677.758 677.741 677.736 677.734 677.734 677.734 677.734 677.734 677.734 677.734 677.734
717.903 708.857 709.272 709.557 709.553 709.536 709.744 710.008 709.843 709.204 708.807 709.38 710.775 711.986 712.105 710.904 708.617 705.583 702.089 698.355 694.563 690.882 687.48 684.516 682.114 680.33 679.133 678.415 678.032 677.851 677.775 677.747 677.737 677.734 677.734 677.734 677.734 677.734 677.734 677.734 677.734
717.903 708.849 709.267 709.566 709.58 709.528 709.674 709.971 709.953 709.392 708.835 709.105 710.342 711.716 712.208 711.402 709.438 706.645 703.32 699.696 695.953 692.257 688.768 685.646 683.03 681.006 679.581 678.679 678.17 677.915 677.801 677.756 677.741 677.735 677.734 677.734 677.734 677.734 677.734 677.734 677.734
717.903 708.841 709.261 709.57 709.606 709.533 709.614 709.91 710.021 709.58 708.93 708.913 709.925 711.371 712.191 711.781 710.159 707.623 704.484 700.985 697.313 693.626 690.081 686.833 684.028 681.775 680.117 679.014 678.355 678.006 677.841 677.772 677.746 677.737 677.734 677.734 677.734 677.734 677.734 677.734 677.734
717.903 708.834 709.256 709.569 709.629 709.551 709.569 709.835 710.048 709.751 709.077 708.81 709.549 710.974 712.063 712.04 710.774 708.515 705.578 702.22 698.635 694.981 691.407 688.063 685.097 682.633 680.744 679.425 678.597 678.132 677.899 677.796 677.755 677.74 677.735 677.734 677.734 677.734 677.734 677.734 677.734
717.903 708.827 709.252 709.565 709.647 709.577 709.541 709.755 710.035 709.893 709.256 708.79 709.235 710.55 711.836 712.18 711.281 709.317 706.598 703.396 699.914 696.312 692.735 689.324 686.224 683.571 681.46 679.92 678.903 678.3 677.982 677.832 677.769 677.745 677.737 677.734 677.734 677.734 677.734 677.734 677.734
717.904 708.821 709.249 709.557 709.659 709.607 709.532 709.68 709.991 709.997 709.449 708.846 708.997 710.128 711.528 712.204 711.678 710.026 707.543 704.51 701.145 697.613 694.053 690.601 687.398 684.581 682.261 680.499 679.28 678.52 678.096 677.885 677.791 677.753 677.74 677.735 677.734 677.734 677.734 677.734 677.734
717.904 708.816 709.248 709.549 709.664 709.638 709.538 709.616 709.924 710.057 709.638 708.963 708.844 709.733 711.159 712.119 711.963 710.64 708.408 705.56 702.326 698.877 695.354 691.886 688.606 685.651 683.142 681.165 679.735 678.8 678.249 677.959 677.823 677.766 677.744 677.737 677.734 677.734 677.734 677.734 677.734
717.904 708.811 709.249 709.54 709.663 709.665 709.558 709.568 709.843 710.076 709.806 709.126 708.776 709.387 710.752 711.936 712.136 711.154 709.192 706.543 703.452 700.1 696.63 693.167 689.836 686.77 684.095 681.914 680.272 679.146 678.449 678.063 677.871 677.786 677.751 677.739 677.735 677.734 677.734 677.734 677.734
717.904 708.805 709.251 709.533 709.658 709.687 709.586 709.539 709.758 710.055 709.942 709.314 708.787 709.108 710.333 711.666 712.199 711.567 709.891 707.456 704.521 701.279 697.876 694.436 691.077 687.926 685.11 682.741 680.89 679.564 678.704 678.202 677.939 677.815 677.763 677.743 677.736 677.734 677.734 677.734 677.734
717.904 708.799 709.254 709.527 709.648 709.702 709.62 709.529 709.679 710.004 710.037 709.511 708.869 708.908 709.927 711.329 712.156 711.875 710.502 708.297 705.53 702.409 699.087 695.685 692.32 689.109 686.175 683.639 681.588 680.06 679.021 678.383 678.032 677.858 677.781 677.75 677.739 677.735 677.734 677.734 677.734
717.904 708.793 709.258 709.524 709.637 709.709 709.654 709.537 709.612 709.93 710.089 709.698 709.006 708.791 709.557 710.945 712.015 712.079 711.022 709.064 706.479 703.489 700.258 696.91 693.556 690.307 687.281 684.6 682.364 680.633 679.406 678.616 678.158 677.919 677.807 677.76 677.742 677.736 677.734 677.734 677.734
717.904 708.787 709.262 709.523 709.625 709.708 709.685 709.558 709.563 709.844 710.098 709.86 709.181 708.757 709.243 710.536 711.786 712.177 711.448 709.752 707.363 704.517 701.388 698.105 694.778 691.511 688.417 685.613 683.209 681.284 679.862 678.905 678.323 678.003 677.846 677.776 677.748 677.738 677.735 677.734 677.734
717.904 708.78 709.267 709.525 709.615 709.702 709.71 709.59 709.534 709.755 710.069 709.988 709.376 708.798 709 710.126 711.483 712.174 711.777 710.361 708.182 705.49 702.473 699.266 695.979 692.713 689.573 686.67 684.118 682.01 680.394 679.258 678.534 678.117 677.901 677.8 677.758 677.742 677.736 677.734 677.734
717.904 708.772 709.271 709.528 709.606 709.691 709.728 709.627 709.524 709.673 710.01 710.074 709.574 708.902 708.837 709.74 711.125 712.074 712.008 710.885 708.932 706.407 703.511 700.39 697.156 693.906 690.738 687.76 685.082 682.805 681 679.679 678.798 678.266 677.977 677.835 677.772 677.747 677.738 677.735 677.734
717.904 708.764 709.274 709.533 709.601 709.678 709.736 709.664 709.533 709.605 709.931 710.115 709.757 709.056 708.755 709.398 710.733 711.886 712.141 711.323 709.611 707.265 704.5 701.475 698.304 695.083 691.906 688.873 686.09 683.664 681.678 680.171 679.121 678.458 678.08 677.884 677.794 677.756 677.741 677.736 677.734
717.904 708.756 709.276 709.538 709.598 709.663 709.737 709.699 709.557 709.555 709.84 710.115 709.913 709.242 708.752 709.117 710.327 711.62 712.175 711.671 710.216 708.062 705.44 702.518 699.419 696.239 693.069 690 687.134 684.579 682.425 680.734 679.509 678.699 678.215 677.953 677.825 677.768 677.746 677.738 677.734
717.904 708.748 709.278 709.544 709.599 709.65 709.73 709.727 709.591 709.526 709.748 710.078 710.031 709.441 708.819 708.91 709.932 711.293 712.115 711.927 710.743 708.797 706.327 703.518 700.499 697.371 694.22 691.133 688.205 685.54 683.236 681.367 679.963 678.995 678.389 678.045 677.869 677.788 677.753 677.74 677.734
717.904 708.74 709.279 709.549 709.602 709.639 709.718 709.746 709.631 709.518 709.664 710.012 710.106 709.637 708.945 708.782 709.569 710.922 711.967 712.09 711.191 709.466 707.16 704.472 701.542 698.475 695.354 692.264 689.293 686.54 684.103 682.068 680.485 679.35 678.608 678.167 677.93 677.816 677.765 677.745 677.734
717.904 708.733 709.279 709.553 709.606 709.632 709.703 709.756 709.672 709.529 709.595 709.927 710.138 709.815 709.112 708.734 709.257 710.527 711.74 712.16 711.556 710.067 707.938 705.38 702.547 699.547 696.468 693.389 690.392 687.569 685.018 682.832 681.076 679.769 678.878 678.325 678.013 677.855 677.782 677.752 677.734
717.904 708.725 709.279 709.556 709.612 709.628 709.686 709.757 709.709 709.555 709.546 709.832 710.128 709.962 709.305 708.76 709.01 710.13 711.446 712.138 711.834 710.597 708.658 706.24 703.511 700.587 697.558 694.5 691.492 688.618 685.974 683.653 681.733 680.253 679.204 678.524 678.123 677.91 677.807 677.763 677.734
717.904 708.718 709.279 709.558 709.619 709.627 709.671 709.75 709.739 709.592 709.518 709.738 710.082 710.07 709.507 708.851 708.838 709.753 711.1 712.03 712.026 711.053 709.318 707.051 704.433 701.592 698.62 695.595 692.589 689.681 686.961 684.523 682.452 680.803 679.589 678.77 678.266 677.985 677.842 677.779 677.734
717.904 708.71 709.279 709.558 709.625 709.63 709.658 709.737 709.76 709.634 709.511 709.653 710.009 710.135 709.7 708.994 708.743 709.416 710.722 711.841 712.129 711.433 709.915 707.81 705.312 702.56 699.654 696.669 693.676 690.75 687.973 685.436 683.227 681.417 680.037 679.068 678.446 678.083 677.891 677.803 677.734