0 0 0 0 0 0 0 0 0 0 0 0 0 0 0 0 0 0 0 0 0 0 0 0 0 0 0 0 0 0 0 0 0 0 0 0 0 0 0 0 0
0 0 0 0 0 0 0 0 0 0 0 0 0 0 0 0 0 0 0 0 0 0 0 0 0 0 0 0 0 0 0 0 0 0 0 0 0 0 0 0 0
0 9.85274e-14 0 0 0 0 0 0 0 0 0 0 0 0 0 0 0 0 0 0 0 0 0 0 0 0 0 0 0 0 0 0 0 0 0 0 0 0 0 0 0
0 2.46318e-13 0 0 0 0 0 0 0 0 0 0 0 0 0 0 0 0 0 0 0 0 0 0 0 0 0 0 0 0 0 0 0 0 0 0 0 0 0 0 0
0 5.91164e-13 -4.92637e-14 0 0 0 0 0 0 0 0 0 0 0 0 0 0 0 0 0 0 0 0 0 0 0 0 0 0 0 0 0 0 0 0 0 0 0 0 0 0
0 7.88219e-13 -4.92637e-14 0 0 0 0 0 0 0 0 0 0 0 0 0 0 0 0 0 0 0 0 0 0 0 0 0 0 0 0 0 0 0 0 0 0 0 0 0 0
0 7.38955e-13 4.92637e-14 0 0 0 0 0 0 0 0 0 0 0 0 0 0 0 0 0 0 0 0 0 0 0 0 0 0 0 0 0 0 0 0 0 0 0 0 0 0
0 8.37483e-13 1.47791e-13 0 0 0 0 0 0 0 0 0 0 0 0 0 0 0 0 0 0 0 0 0 0 0 0 0 0 0 0 0 0 0 0 0 0 0 0 0 0
0 9.85274e-13 1.97055e-13 9.85274e-14 0 0 0 0 0 0 0 0 0 0 0 0 0 0 0 0 0 0 0 0 0 0 0 0 0 0 0 0 0 0 0 0 0 0 0 0 0
0 1.0838e-12 2.46318e-13 2.46318e-13 -4.92637e-14 0 0 0 0 0 0 0 0 0 0 0 0 0 0 0 0 0 0 0 0 0 0 0 0 0 0 0 0 0 0 0 0 0 0 0 0
0 1.03454e-12 3.44846e-13 4.43373e-13 -9.85274e-14 0 0 0 0 0 0 0 0 0 0 0 0 0 0 0 0 0 0 0 0 0 0 0 0 0 0 0 0 0 0 0 0 0 0 0 0
0 9.85274e-13 5.91164e-13 2.95582e-13 3.72107e-28 -4.92637e-14 0 0 0 0 0 0 0 0 0 0 0 0 0 0 0 0 0 0 0 0 0 0 0 0 0 0 0 0 0 0 0 0 0 0 0
0 1.03454e-12 4.43373e-13 5.91164e-13 4.92637e-14 -1.47791e-13 0 0 0 0 0 0 0 0 0 0 0 0 0 0 0 0 0 0 0 0 0 0 0 0 0 0 0 0 0 0 0 0 0 0 0
0 7.38955e-13 3.94109e-13 7.88219e-13 9.85274e-14 1.30237e-27 -1.47791e-13 0 0 0 0 0 0 0 0 0 0 0 0 0 0 0 0 0 0 0 0 0 0 0 0 0 0 0 0 0 0 0 0 0 0
0 5.91164e-13 2.95582e-13 8.86746e-13 1.97055e-13 2.46318e-13 -1.47791e-13 -1.47791e-13 0 0 0 0 0 0 0 0 0 0 0 0 0 0 0 0 0 0 0 0 0 0 0 0 0 0 0 0 0 0 0 0 0
-66.1515 9.85274e-14 2.95582e-13 1.03454e-12 3.94109e-13 1.47791e-13 -1.47791e-13 7.13205e-28 -1.47791e-13 0 0 0 0 0 0 0 0 0 0 0 0 0 0 0 0 0 0 0 0 0 0 0 0 0 0 0 0 0 0 0 0
-66.6659 -19.85 -0.556012 1.03195e-12 4.61588e-13 1.28221e-13 -4.99343e-14 9.27405e-14 -4.10733e-14 -1.54266e-13 -6.30822e-31 0 0 0 0 0 0 0 0 0 0 0 0 0 0 0 0 0 0 0 0 0 0 0 0 0 0 0 0 0 0
-66.8506 -33.9754 -6.99236 -0.243432 -5.22601e-05 1.10954e-13 4.18331e-14 4.54958e-14 6.1394e-14 -5.14117e-14 -1.54219e-13 -6.52289e-31 0 0 0 0 0 0 0 0 0 0 0 0 0 0 0 0 0 0 0 0 0 0 0 0 0 0 0 0 0
-66.915 -45.6213 -15.7498 -2.61392 -0.0903344 -2.76126e-05 -3.4435e-13 -6.95325e-15 6.63559e-14 -4.16807e-15 -4.93534e-14 -1.53997e-13 -6.30102e-31 0 0 0 0 0 0 0 0 0 0 0 0 0 0 0 0 0 0 0 0 0 0 0 0 0 0 0 0
-66.9276 -54.4728 -25.4385 -7.21753 -0.97669 -0.0317638 -1.07224e-05 -2.71611e-13 -4.02219e-14 -3.69438e-15 5.27982e-14 -5.1651e-14 -1.53772e-13 -6.06209e-31 0 0 0 0 0 0 0 0 0 0 0 0 0 0 0 0 0 0 0 0 0 0 0 0 0 0 0
-66.9227 -60.7214 -35.1285 -13.5818 -3.19161 -0.361451 -0.0109241 -3.78701e-06 -2.00095e-13 -1.10616e-14 1.07906e-13 -4.50244e-15 -4.93555e-14 -1.53548e-13 -5.82368e-31 0 0 0 0 0 0 0 0 0 0 0 0 0 0 0 0 0 0 0 0 0 0 0 0 0 0
-66.9146 -64.8656 -44.1755 -21.1082 -6.89715 -1.36763 -0.1321 -0.00371078 -1.29254e-06 2.74825e-14 -8.23078e-14 -7.71854e-15 5.25411e-14 -5.14846e-14 -1.53324e-13 -5.5864e-31 0 0 0 0 0 0 0 0 0 0 0 0 0 0 0 0 0 0 0 0 0 0 0 0 0
-66.9081 -67.3828 -52.0432 -29.2218 -11.9604 -3.36194 -0.56821 -0.0477146 -0.00125086 -4.34663e-07 -2.29032e-13 8.28777e-14 8.64383e-15 -4.2061e-15 -4.93432e-14 -1.53101e-13 -5.35024e-31 0 0 0 0 0 0 0 0 0 0 0 0 0 0 0 0 0 0 0 0 0 0 0 0
-66.9043 -68.682 -58.4615 -37.395 -18.0918 -6.48676 -1.57284 -0.229769 -0.0170586 -0.000419143 -1.44985e-07 1.23673e-13 -3.17446e-14 -5.87743e-14 5.23144e-14 -5.1318e-14 -1.52879e-13 -5.11521e-31 0 0 0 0 0 0 0 0 0 0 0 0 0 0 0 0 0 0 0 0 0 0 0
-66.9028 -69.1097 -63.3673 -45.1736 -24.939 -10.7123 -3.36385 -0.709001 -0.0907778 -0.00604383 -0.000139719 -4.80759e-08 -3.19392e-14 3.80245e-14 -4.44666e-14 -3.90652e-15 -4.93318e-14 -1.52658e-13 -4.88129e-31 0 0 0 0 0 0 0 0 0 0 0 0 0 0 0 0 0 0 0 0 0 0
-66.9029 -68.9543 -66.835 -52.1766 -32.1368 -15.8846 -6.06302 -1.67251 -0.309215 -0.0351624 -0.00212391 -4.63458e-05 -1.58599e-08 -6.03776e-14 7.91422e-15 -7.93e-15 5.20866e-14 -5.11518e-14 -1.52438e-13 -4.64848e-31 0 0 0 0 0 0 0 0 0 0 0 0 0 0 0 0 0 0 0 0 0
-66.9039 -68.4491 -69.0272 -58.1536 -39.3347 -21.7773 -9.6802 -3.28625 -0.799691 -0.131036 -0.0133907 -0.000740738 -1.52993e-05 -5.20646e-09 -9.81305e-14 1.45092e-13 -9.49808e-14 -3.605e-15 -4.93213e-14 -1.52218e-13 -4.41676e-31 0 0 0 0 0 0 0 0 0 0 0 0 0 0 0 0 0 0 0 0
-66.9055 -67.7813 -70.1552 -62.9731 -46.2128 -28.1322 -14.1307 -5.6551 -1.70819 -0.369137 -0.0541637 -0.00502445 -0.000256485 -5.02634e-06 -1.70108e-09 1.93875e-13 -1.88365e-13 -8.29459e-15 5.18576e-14 -5.09859e-14 -1.52e-13 -4.18614e-31 0 0 0 0 0 0 0 0 0 0 0 0 0 0 0 0 0 0 0
-66.9073 -67.1031 -70.4509 -66.6058 -52.5022 -34.6822 -19.2648 -8.8063 -3.16747 -0.853874 -0.165154 -0.0219086 -0.00186054 -8.81953e-05 -1.64344e-06 -5.52734e-10 -2.29303e-13 1.33001e-13 -9.34881e-14 -3.30154e-15 -4.93117e-14 -1.51782e-13 -3.95659e-31 0 0 0 0 0 0 0 0 0 0 0 0 0 0 0 0 0 0
-66.9091 -66.5052 -70.1485 -69.1051 -58.0059 -41.1729 -24.8954 -12.6945 -5.26882 -1.70339 -0.411827 -0.0718835 -0.0086945 -0.00068075 -3.01231e-05 -5.34776e-07 -1.79098e-10 -1.03392e-14 -4.33274e-14 -7.54939e-15 5.16274e-14 -5.08203e-14 -1.51565e-13 -3.72811e-31 0 0 0 0 0 0 0 0 0 0 0 0 0 0 0 0 0
-66.9107 -66.0319 -69.4622 -70.586 -62.5974 -47.3698 -30.8205 -17.2183 -8.04724 -3.02738 -0.881477 -0.192326 -0.0305357 -0.00339232 -0.000246349 -1.02211e-05 -1.73182e-07 -5.77145e-11 -4.33319e-14 1.38615e-13 -9.39214e-14 -2.99615e-15 -4.9303e-14 -1.51349e-13 -3.50069e-31 0 0 0 0 0 0 0 0 0 0 0 0 0 0 0 0
-66.912 -65.6985 -68.5754 -71.2049 -66.218 -53.076 -36.8368 -22.2402 -11.4809 -4.90622 -1.67221 -0.440204 -0.0872652 -0.0126939 -0.00130342 -8.82375e-05 -3.4458e-06 -5.58136e-08 -1.86492e-11 1.885e-13 -1.39056e-13 -6.83987e-15 5.13961e-14 -5.06552e-14 -1.51133e-13 -3.27433e-31 0 0 0 0 0 0 0 0 0 0 0 0 0 0 0
-66.913 -65.5016 -67.6431 -71.1403 -68.8688 -58.1396 -42.7527 -27.6036 -15.5008 -7.37806 -2.87676 -0.889629 -0.212815 -0.0385872 -0.00517547 -0.000493833 -3.13012e-05 -1.15433e-06 -1.79012e-08 -5.74561e-12 -1.81611e-13 1.36398e-13 -9.43604e-14 -2.68883e-15 -4.92952e-14 -1.50918e-13 -3.04901e-31 0 0 0 0 0 0 0 0 0 0 0 0 0 0
-66.9136 -65.4257 -66.7828 -70.5786 -70.602 -62.4541 -48.3933 -33.1463 -20.0043 -10.436 -4.56653 -1.62363 -0.456989 -0.0999055 -0.0166718 -0.00207329 -0.000184692 -1.10025e-05 -3.84293e-07 -5.71365e-09 -1.85383e-12 -1.05403e-13 -4.43498e-14 -6.12832e-15 5.11637e-14 -5.04903e-14 -1.50704e-13 -2.82473e-31 0 0 0 0 0 0 0 0 0 0 0 0 0
-66.914 -65.4474 -66.0677 -69.7 -71.5109 -65.9578 -53.6115 -38.71 -24.8688 -14.0334 -6.78061 -2.72196 -0.883482 -0.227292 -0.0456712 -0.00705375 -0.000817276 -6.8245e-05 -3.83374e-06 -1.27151e-07 -1.81474e-09 -5.90215e-13 -1.93621e-13 -7.45645e-15 5.29867e-14 -2.3796e-15 -4.92883e-14 -1.50491e-13 -2.60149e-31 0 0 0 0 0 0 0 0 0 0 0 0
-66.9141 -65.5398 -65.5357 -68.6655 -71.7196 -68.6309 -58.2894 -44.1467 -29.9632 -18.0929 -9.52181 -4.24858 -1.56359 -0.464502 -0.109762 -0.0203817 -0.00292791 -0.000317403 -2.49326e-05 -1.32468e-06 -4.18152e-08 -5.73692e-10 -4.53037e-13 1.86099e-13 -1.4288e-13 -3.54453e-15 5.09301e-14 -5.03257e-14 -1.50279e-13 -2.37926e-31 0 0 0 0 0 0 0 0 0 0 0
-66.914 -65.6756 -65.1973 -67.615 -71.3715 -70.4922 -62.3395 -49.3236 -35.1563 -22.5177 -12.7592 -6.24227 -2.56683 -0.866821 -0.236554 -0.0515981 -0.00889848 -0.00119417 -0.000121572 -9.0117e-06 -4.5403e-07 -1.3669e-08 -1.80604e-10 -1.6072e-13 -1.41513e-13 -8.39252e-15 1.02958e-13 -2.06845e-15 -4.92822e-14 -1.50068e-13 -2.15805e-31 0 0 0 0 0 0 0 0 0 0
-66.9138 -65.8284 -65.042 -66.6593 -70.6195 -71.5947 -65.7042 -54.1281 -40.3232 -27.2006 -16.4345 -8.71232 -3.95089 -1.49619 -0.464664 -0.116981 -0.0236673 -0.00380765 -0.000479196 -4.59639e-05 -3.22417e-06 -1.54403e-07 -4.44187e-09 -5.66948e-11 -9.81011e-14 -7.77163e-15 -4.38319e-14 -3.58516e-15 5.06954e-14 -5.01615e-14 -1.49857e-13 -1.93784e-31 0 0 0 0 0 0 0 0 0
-66.9136 -65.9762 -65.0437 -65.8715 -69.6163 -72.021 -68.3547 -58.468 -45.3485 -32.0321 -20.4707 -11.6393 -5.75358 -2.41381 -0.842469 -0.24139 -0.0563101 -0.0106141 -0.00159933 -0.000189398 -1.71664e-05 -1.14235e-06 -5.21101e-08 -1.43526e-09 -1.75284e-11 -5.41002e-14 -9.42567e-14 -5.28036e-14 1.86004e-15 -1.75541e-15 -4.9277e-14 -1.49647e-13 -1.71864e-31 0 0 0 0 0 0 0 0
-66.9134 -66.103 -65.1669 -65.2912 -68.5023 -71.8774 -70.2904 -62.2717 -50.1298 -36.9057 -24.7794 -14.9794 -7.98854 -3.67202 -1.42428 -0.459048 -0.121805 -0.0264417 -0.00466229 -0.000660285 -7.38008e-05 -6.33725e-06 -4.00978e-07 -1.74572e-08 -4.60747e-10 -5.53368e-12 -1.44647e-13 -1.02039e-13 -9.71831e-14 -3.08192e-15 5.04595e-14 -4.99976e-14 -1.49438e-13 -1.50042e-31 0 0 0 0 0 0 0
-66.9133 -66.1992 -65.3719 -64.9298 -67.4031 -71.2863 -71.5378 -65.4877 -54.5795 -41.722 -29.2684 -18.671 -10.6449 -5.30736 -2.26444 -0.812566 -0.242534 -0.0598322 -0.0121357 -0.00200891 -0.000268243 -2.83742e-05 -2.31377e-06 -1.39486e-07 -5.80563e-09 -1.47419e-10 -1.76192e-12 -1.50767e-13 -1.00086e-13 -2.64316e-15 1.55995e-15 -1.44047e-15 -4.92727e-14 -1.49229e-13 -1.28318e-31 0 0 0 0 0 0
-66.9132 -66.2606 -65.6184 -64.776 -66.4189 -70.3794 -72.1489 -68.0849 -58.6245 -46.39 -33.8467 -22.641 -13.69 -7.33637 -3.41066 -1.34992 -0.448934 -0.124512 -0.0286692 -0.00545316 -0.000850228 -0.000107337 -1.07714e-05 -8.35887e-07 -4.81013e-08 -1.91747e-09 -4.67853e-11 -7.15022e-13 -6.89859e-15 -5.017e-14 -9.69783e-14 -2.52708e-15 5.02226e-14 -4.9834e-14 -1.49021e-13 -1.06693e-31 0 0 0 0 0
-66.9132 -66.2875 -65.8695 -64.8016 -65.6176 -69.2889 -72.199 -70.0521 -62.206 -50.8298 -38.4275 -26.8112 -17.0746 -9.75457 -4.89802 -2.11971 -0.778749 -0.24064 -0.0622387 -0.0134245 -0.00240258 -0.000353845 -4.23417e-05 -4.03987e-06 -2.98929e-07 -1.64482e-08 -6.28871e-10 -1.47797e-11 -3.05309e-13 -2.01601e-13 1.17713e-15 -2.16398e-15 1.25618e-15 -1.12364e-15 -4.92692e-14 -1.48815e-13 -8.51635e-32 0 0 0 0
-66.9131 -66.2842 -66.0957 -64.9671 -65.037 -68.1381 -71.7824 -71.3992 -65.2787 -54.9721 -42.9312 -31.103 -20.738 -12.5382 -6.74499 -3.16558 -1.27462 -0.435371 -0.125388 -0.0303493 -0.00615298 -0.00103923 -0.000144951 -1.64779e-05 -1.49778e-06 -1.05862e-07 -5.57861e-09 -2.04804e-10 -4.75004e-12 -2.49167e-13 -5.29961e-14 -7.05977e-16 -9.72786e-14 -1.96977e-15 4.99845e-14 -4.96707e-14 -1.48608e-13 -6.37304e-32 0 0 0
-66.9132 -66.2571 -66.2766 -65.2274 -64.6875 -67.038 -71.0074 -72.1568 -67.8114 -58.7584 -47.2856 -35.4406 -24.6135 -15.648 -8.95199 -4.52109 -1.98024 -0.74229 -0.236284 -0.0636312 -0.0144618 -0.00276435 -0.000441804 -5.8497e-05 -6.33047e-06 -5.49189e-07 -3.71376e-08 -1.87691e-09 -6.62191e-11 -1.68872e-12 -2.02042e-13 4.74106e-14 -4.79889e-14 -1.68705e-15 9.48267e-16 -8.04932e-16 -4.92665e-14 -1.48403e-13 -4.23926e-32 0 0
-66.9132 -66.2144 -66.4011 -65.5366 -64.557 -66.0761 -69.9909 -72.3761 -69.7876 -62.1398 -51.4275 -39.7536 -28.6328 -19.0333 -11.5023 -6.20595 -2.93569 -1.19949 -0.419215 -0.124709 -0.0315054 -0.00674453 -0.00121888 -0.000184782 -2.32744e-05 -2.40225e-06 -1.99237e-07 -1.29095e-08 -6.26514e-10 -2.13499e-11 -6.61493e-13 -1.51554e-13 4.95788e-14 -8.38109e-16 -9.75837e-14 -1.41001e-15 4.97453e-14 -4.95077e-14 -1.48198e-13 -2.11494e-32 0
-66.9133 -66.1644 -66.4663 -65.8516 -64.616 -65.3114 -68.8499 -72.1276 -71.2061 -65.0767 -55.3016 -43.9775 -32.7294 -22.6373 -14.3647 -8.22433 -4.17297 -1.84643 -0.704179 -0.229962 -0.0641244 -0.0152443 -0.00308266 -0.000528029 -7.6098e-05 -9.13583e-06 -9.00888e-07 -7.15414e-08 -4.4479e-09 -2.07653e-10 -6.8685e-12 -3.51722e-13 -1.00523e-13 4.81359e-14 -4.8307e-14 -1.20781e-15 6.36245e-16 -4.84355e-16 -4.92647e-14 -1.47994e-13 0
-66.9133 -66.1143 -66.4763 -66.1367 -64.823 -64.7754 -67.6943 -71.4981 -72.0825 -67.5395 -58.8601 -48.0549 -36.8404 -26.4003 -17.4973 -10.5651 -5.71254 -2.72001 -1.12535 -0.401165 -0.122733 -0.0321762 -0.00721895 -0.0013825 -0.00022496 -3.08817e-05 -3.53997e-06 -3.34035e-07 -2.5435e-08 -1.51914e-09 -6.85612e-11 -2.29571e-12 -1.5178e-13 -5.24103e-14 1.2078e-15 -6.00917e-16 -9.78936e-14 -8.4781e-16 4.9505e-14 -4.93449e-14 0
-66.9134 -66.0699 -66.4409 -66.3665 -65.1302 -64.4744 -66.6221 -70.5863 -72.4499 -69.5088 -62.0622 -51.935 -40.9083 -30.2634 -20.8512 -13.2039 -7.56144 -3.8507 -1.71849 -0.665196 -0.222106 -0.0638367 -0.0157798 -0.00335002 -0.000609014 -9.43349e-05 -1.23577e-05 -1.35476e-06 -1.22506e-07 -8.9561e-09 -5.14616e-10 -2.23605e-11 -1.0081e-12 -1.04259e-13 -4.78286e-14 4.8257e-14 -4.86244e-14 -7.2632e-16 3.20145e-16 -9.87296e-14 0
-66.9135 -66.0351 -66.3727 -66.5266 -65.4885 -64.3935 -65.7086 -69.498 -72.3592 -70.9766 -64.8734 -55.5732 -44.881 -34.1705 -24.3743 -16.106 -9.71314 -5.25932 -2.51766 -1.05281 -0.381798 -0.119695 -0.0324091 -0.00757404 -0.00152521 -0.000263769 -3.8966e-05 -4.87916e-06 -5.12326e-07 -4.44559e-08 -3.12392e-09 -1.7311e-10 -7.61646e-12 -3.08605e-13 -1.47107e-13 9.67069e-14 8.04043e-16 -3.61845e-16 4.94204e-14 -4.93033e-14 0
-66.9135 -66.0119 -66.2856 -66.6121 -65.8511 -64.5011 -65.0038 -68.3379 -71.8778 -71.9482 -67.2658 -58.9301 -48.7121 -38.0695 -28.0142 -19.2294 -12.1489 -6.95514 -3.55181 -1.59653 -0.625954 -0.213082 -0.0628843 -0.0160837 -0.00356247 -0.000681969 -0.000112413 -1.58649e-05 -1.90177e-06 -1.91528e-07 -1.59673e-08 -1.08027e-09 -5.80609e-11 -2.43764e-12 -1.50075e-13 -1.50233e-13 5.07134e-14 -9.67044e-16 4.96619e-14 1.38961e-18 0
-66.9136 -66.0008 -66.1934 -66.6275 -66.179 -64.7541 -64.5322 -67.2049 -71.0874 -72.4431 -69.2191 -61.9712 -52.3606 -41.9134 -31.7205 -22.5286 -14.84 -8.93535 -4.84186 -2.32784 -0.982339 -0.361586 -0.115804 -0.0322559 -0.00781263 -0.00164383 -0.000299744 -4.71763e-05 -6.37077e-06 -7.32125e-07 -7.08093e-08 -5.67882e-09 -3.70363e-10 -1.9057e-11 -8.55551e-13 -3.9575e-13 -4.99311e-14 -4.77061e-16 4.93357e-14 4.9387e-14 0
-66.9137 -66.0007 -66.1077 -66.5838 -66.4436 -65.1035 -64.2952 -66.1844 -70.0797 -72.4966 -70.7209 -64.6664 -55.7901 -45.6598 -35.4461 -25.9569 -17.7508 -11.186 -6.39877 -3.27421 -1.48058 -0.58694 -0.203202 -0.0613776 -0.0161762 -0.00371895 -0.000744853 -0.00012961 -1.95092e-05 -2.52455e-06 -2.78497e-07 -2.58987e-08 -2.00015e-09 -1.25734e-10 -6.50258e-12 -7.93987e-13 -1.01475e-13 9.78053e-14 9.8679e-14 4.94275e-14 0
-66.9137 -66.0096 -66.037 -66.4965 -66.6281 -65.499 -64.2743 -65.3403 -68.9517 -72.1597 -71.7695 -66.9899 -58.9677 -49.271 -39.1478 -29.4686 -20.8411 -13.6835 -8.2228 -4.45646 -2.14983 -0.91426 -0.340913 -0.11125 -0.0317696 -0.00794123 -0.00173667 -0.000331726 -5.5176e-05 -7.95474e-06 -9.87708e-07 -1.04722e-07 -9.37388e-09 -6.97789e-10 -4.2624e-11 -2.70224e-12 -1.54009e-13 -1.70478e-15 1.48184e-13 4.95087e-14 0
-66.9137 -66.0249 -65.9868 -66.383 -66.7268 -65.893 -64.4358 -64.7131 -67.7983 -71.4982 -72.3743 -68.9211 -61.8641 -52.7135 -42.7869 -33.0208 -24.0693 -16.3975 -10.3039 -5.88683 -3.01613 -1.3706 -0.548534 -0.192732 -0.0594193 -0.0160805 -0.00382066 -0.000796347 -0.000145321 -2.31402e-05 -3.19975e-06 -3.81696e-07 -3.89389e-08 -3.35876e-09 -2.41571e-10 -1.4766e-11 -7.57358e-13 -1.48541e-13 9.77004e-14 1.4832e-13 0
-66.9137 -66.0436 -65.9592 -66.2607 -66.7439 -66.2454 -64.7354 -64.3203 -66.7084 -70.5897 -72.5586 -70.4455 -64.4527 -55.9571 -46.3288 -36.574 -27.3941 -19.2929 -12.6233 -7.56807 -4.10003 -1.98297 -0.848822 -0.320098 -0.106194 -0.0310023 -0.00796884 -0.00180332 -0.000358879 -6.26651e-05 -9.56637e-06 -1.27035e-06 -1.45756e-07 -1.43225e-08 -1.19192e-09 -8.31711e-11 -4.71381e-12 -4.95988e-13 4.72991e-14 1.48643e-13 0
-66.9138 -66.0629 -65.9533 -66.1449 -66.6916 -66.5272 -65.1231 -64.1575 -65.7556 -69.5207 -72.3594 -71.5563 -66.71 -58.9745 -49.7427 -40.0926 -30.7763 -22.3325 -15.1549 -9.49358 -5.41472 -2.77603 -1.26652 -0.511034 -0.181897 -0.0571027 -0.0158212 -0.00387052 -0.000835777 -0.00015907 -2.66165e-05 -3.90054e-06 -4.98014e-07 -5.50194e-08 -5.21316e-09 -4.18704e-10 -2.82874e-11 -1.94105e-12 -2.00245e-13 2.47128e-13 0
-66.9138 -66.0803 -65.9661 -66.0475 -66.5872 -66.7212 -65.5484 -64.2027 -64.9933 -68.3804 -71.8285 -72.2558 -68.6159 -61.7403 -53.001 -43.5444 -34.1793 -25.4789 -17.8683 -11.6484 -6.965 -3.76994 -1.82666 -0.786194 -0.299396 -0.100781 -0.0300035 -0.00790608 -0.00184438 -0.000380672 -6.93946e-05 -1.11419e-05 -1.56932e-06 -1.92863e-07 -2.05371e-08 -1.87769e-09 -1.45974e-10 -9.81917e-12 -7.46888e-13 1.48353e-13 0
-66.9138 -66.0942 -65.9929 -65.9762 -66.4509 -66.8217 -65.9639 -64.42 -64.4532 -67.2556 -71.0302 -72.5576 -70.1545 -64.2312 -56.0786 -46.9012 -37.57 -28.6959 -20.7302 -14.0107 -8.74715 -4.97857 -2.55257 -1.16822 -0.474674 -0.170884 -0.0545121 -0.0154228 -0.00387268 -0.000863021 -0.000170521 -2.98149e-05 -4.59915e-06 -6.23303e-07 -7.38085e-08 -7.58231e-09 -6.6989e-10 -5.04571e-11 -3.47803e-12 -2.46616e-13 0
-66.9138 -66.1035 -66.0282 -65.9346 -66.3028 -66.8335 -66.3301 -64.7638 -64.1455 -66.2253 -70.0395 -72.4878 -71.3158 -66.4255 -58.9521 -50.1375 -40.9189 -31.9498 -23.7066 -16.5538 -10.7496 -6.40838 -3.46394 -1.68033 -0.726489 -0.279016 -0.0951344 -0.0288196 -0.00776436 -0.00186123 -0.000396854 -7.51738e-05 -1.26229e-05 -1.87291e-06 -2.44493e-07 -2.79227e-08 -2.77026e-09 -2.36537e-10 -1.74338e-11 -1.33393e-12 0
-66.9137 -66.1077 -66.0665 -65.9222 -66.1612 -66.7698 -66.6184 -65.1843 -64.0607 -65.3523 -68.938 -72.0856 -72.0969 -68.304 -61.5997 -53.2303 -44.1994 -35.2098 -26.7644 -19.2483 -12.9542 -8.05812 -4.57507 -2.34458 -1.07558 -0.43963 -0.159849 -0.0517223 -0.0149093 -0.00383206 -0.00087841 -0.000179471 -3.26349e-05 -5.26899e-06 -7.52782e-07 -9.47484e-08 -1.04463e-08 -1.00149e-09 -8.28389e-11 -6.27945e-12 0
-66.9137 -66.1072 -66.103 -65.9357 -66.0406 -66.6493 -66.8123 -65.6314 -64.1729 -64.6803 -67.8082 -71.4034 -72.5042 -69.8505 -64.0006 -56.1585 -47.388 -38.448 -29.8721 -22.0631 -15.338 -9.91922 -5.89379 -3.18007 -1.54349 -0.669771 -0.259126 -0.0893586 -0.027493 -0.00755539 -0.00185582 -0.000407417 -7.9872e-05 -1.39594e-05 -2.16944e-06 -2.98751e-07 -3.62887e-08 -3.86526e-09 -3.58557e-10 -2.92789e-11 0
-66.9137 -66.1028 -66.1336 -65.9692 -65.9507 -66.4939 -66.907 -66.0588 -64.4443 -64.2325 -66.7295 -70.5047 -72.5547 -71.0527 -66.1354 -58.9022 -50.4637 -41.6399 -33.0009 -24.9679 -17.8745 -11.9768 -7.42095 -4.2014 -2.151 -0.988449 -0.406034 -0.148922 -0.0487987 -0.0143034 -0.00375406 -0.000882624 -0.000185836 -3.5002e-05 -5.88633e-06 -8.81466e-07 -1.17111e-07 -1.37401e-08 -1.41535e-09 -1.27858e-10 0
-66.9137 -66.0955 -66.1559 -66.0158 -65.8964 -66.3255 -66.9083 -66.4285 -64.8287 -64.0124 -65.771 -69.462 -72.2772 -71.9043 -67.9856 -61.4423 -53.4072 -44.7633 -36.1247 -27.9333 -20.5359 -14.211 -9.15058 -5.41746 -2.91664 -1.41562 -0.616071 -0.239855 -0.0835434 -0.0260618 -0.0072907 -0.00183049 -0.000412548 -8.34156e-05 -1.51121e-05 -2.44802e-06 -3.53571e-07 -4.53612e-08 -5.14477e-09 -5.14753e-10 0
-66.9137 -66.0867 -66.1687 -66.068 -65.8779 -66.1643 -66.8304 -66.7136 -65.2763 -64.0054 -64.9857 -68.3522 -71.7131 -72.4059 -69.5351 -63.7606 -56.2005 -47.7989 -39.2202 -30.9324 -23.294 -16.5985 -11.0707 -6.83088 -3.85509 -1.97091 -0.906657 -0.37398 -0.138208 -0.0457983 -0.0136262 -0.00364424 -0.000876602 -0.000189639 -3.68674e-05 -6.43143e-06 -1.00454e-06 -1.40062e-07 -1.73659e-08 -1.91256e-09 0
-66.9137 -66.0775 -66.1721 -66.1191 -65.8914 -66.0263 -66.6934 -66.8991 -65.7383 -64.1827 -64.4083 -67.2519 -70.9153 -72.5675 -70.7705 -65.8391 -58.8266 -50.7289 -42.2668 -33.9404 -26.1218 -19.114 -13.1644 -8.43802 -4.97611 -2.67213 -1.29629 -0.565385 -0.221307 -0.0777637 -0.0245601 -0.00698135 -0.0017878 -0.000412589 -8.5783e-05 -1.60526e-05 -2.69923e-06 -4.06881e-07 -5.48122e-08 -6.60121e-09 0
-66.9137 -66.069 -66.1673 -66.1634 -65.9305 -65.9228 -66.5203 -66.9816 -66.1699 -64.5043 -64.0544 -66.2329 -69.9467 -72.4093 -71.6828 -67.6606 -61.2688 -53.5371 -45.2462 -36.9353 -28.9935 -21.7319 -15.4111 -10.2294 -6.28384 -3.53399 -1.80343 -0.830033 -0.343531 -0.127793 -0.04277 -0.0128969 -0.00350815 -0.000861458 -0.000190985 -3.8207e-05 -6.88923e-06 -1.11765e-06 -1.6273e-07 -2.13057e-08 0
-66.9138 -66.0619 -66.1561 -66.197 -65.9867 -65.8593 -66.3345 -66.9682 -66.5355 -64.9238 -63.9209 -65.3551 -68.8772 -71.9629 -72.2688 -69.2094 -63.5107 -56.2081 -48.1421 -39.8975 -31.8861 -24.4266 -17.7881 -12.1909 -7.77662 -4.5669 -2.44522 -1.18506 -0.517687 -0.203559 -0.0720815 -0.0230176 -0.00663766 -0.00173039 -0.000407997 -8.69971e-05 -1.6764e-05 -2.91548e-06 -4.56724e-07 -6.46751e-08 0
-66.9138 -66.0569 -66.1408 -66.2179 -66.0513 -65.8364 -66.1573 -66.8742 -66.8103 -65.3923 -63.9891 -64.6624 -67.7791 -71.2714 -72.5326 -70.4716 -65.5361 -58.7271 -50.9394 -42.8098 -34.7783 -27.1743 -20.2717 -14.3044 -9.44736 -5.77625 -3.23622 -1.64781 -0.758396 -0.314725 -0.117743 -0.039755 -0.0121326 -0.00335112 -0.000838407 -0.000190048 -3.90189e-05 -7.24956e-06 -1.21709e-06 -1.8558e-07 0
-66.9138 -66.0541 -66.124 -66.2256 -66.1157 -65.8504 -66.0058 -66.7207 -66.9812 -65.8622 -64.2271 -64.1812 -66.7237 -70.3883 -72.4874 -71.4364 -67.329 -61.0796 -53.6245 -45.6568 -37.6516 -29.9528 -22.8384 -16.5496 -11.2842 -7.16214 -4.18733 -2.2347 -1.08151 -0.47293 -0.186665 -0.0665474 -0.0214601 -0.00626913 -0.00166091 -0.000399304 -8.7117e-05 -1.72397e-05 -3.09104e-06 -5.05554e-07 0
-66.9138 -66.0533 -66.1078 -66.2214 -66.1727 -65.8941 -65.8921 -66.5317 -67.0468 -66.2911 -64.5937 -63.9198 -65.7747 -69.3756 -72.1565 -72.0977 -68.8743 -63.2509 -56.1841 -48.4246 -40.4895 -32.7419 -25.4655 -18.9049 -13.2716 -8.71955 -5.305 -2.96009 -1.50331 -0.691556 -0.287577 -0.10811 -0.0367878 -0.0113486 -0.00317815 -0.000808705 -0.00018705 -3.93198e-05 -7.50635e-06 -1.31245e-06 0
-66.9138 -66.0544 -66.0941 -66.2076 -66.2172 -65.9584 -65.8223 -66.3313 -67.0155 -66.6461 -65.0424 -63.8699 -64.9834 -68.3004 -71.574 -72.4552 -70.1578 -65.2262 -58.6053 -51.1008 -43.2774 -35.5238 -28.1319 -21.3482 -15.3914 -10.4389 -6.59086 -3.8352 -2.03948 -0.985266 -0.43105 -0.170663 -0.0612015 -0.0199095 -0.00588431 -0.0015819 -0.000387085 -8.62303e-05 -1.74803e-05 -3.25774e-06 0
-66.9139 -66.0567 -66.084 -66.1873 -66.2462 -66.0332 -65.7972 -66.1417 -66.9038 -66.9048 -65.5255 -64.0085 -64.3854 -67.2308 -70.7844 -72.5163 -71.1679 -66.9908 -60.8754 -53.6735 -46.0024 -38.2826 -30.8185 -23.8584 -17.6238 -12.3068 -8.04173 -4.86735 -2.70408 -1.3693 -0.629323 -0.262086 -0.0989333 -0.0338966 -0.0105581 -0.00299385 -0.000773602 -0.000182245 -3.91356e-05 -7.75404e-06 0
-66.9139 -66.0598 -66.0781 -66.1639 -66.2586 -66.1088 -65.8127 -65.9805 -66.7339 -67.0565 -65.997 -64.3016 -63.9995 -66.2322 -69.8418 -72.2972 -71.8962 -68.5301 -62.9811 -56.1312 -48.6528 -41.0045 -33.5079 -26.4154 -19.9485 -14.307 -9.65004 -6.0595 -3.50854 -1.85859 -0.895936 -0.39197 -0.155574 -0.0560752 -0.0183842 -0.00549074 -0.00149576 -0.000371935 -8.44278e-05 -1.77434e-05 0
-66.9139 -66.0632 -66.0765 -66.1404 -66.2558 -66.1767 -65.8614 -65.8601 -66.5303 -67.1018 -66.4174 -64.7071 -63.8275 -65.3605 -68.8068 -71.8243 -72.3393 -69.8304 -64.9091 -58.4628 -51.2179 -43.6772 -36.1851 -29.0008 -22.3456 -16.4218 -11.4045 -7.41011 -4.46088 -2.46685 -1.24513 -0.571501 -0.238232 -0.0902387 -0.0311042 -0.0097722 -0.00280241 -0.000734308 -0.000175861 -3.91233e-05 0
-66.9139 -66.0663 -66.0788 -66.1197 -66.2403 -66.2307 -65.9332 -65.7868 -66.3178 -67.0506 -66.7564 -65.1787 -63.8563 -64.659 -67.7434 -71.1337 -72.4998 -70.8794 -66.6457 -60.6568 -53.6876 -46.2897 -38.8364 -31.5978 -24.7959 -18.6324 -13.2908 -8.91347 -5.56516 -3.20559 -1.69111 -0.813164 -0.355601 -0.141407 -0.0511921 -0.0168992 -0.00509502 -0.00140471 -0.00035433 -8.32944e-05 0
-66.9139 -66.0686 -66.0841 -66.1036 -66.2157 -66.267 -66.0172 -65.7613 -66.1186 -66.9207 -66.9947 -65.67 -64.0596 -64.1556 -66.7157 -70.2713 -72.3883 -71.6675 -68.1773 -62.7014 -56.0519 -48.832 -41.4501 -34.1918 -27.2817 -20.9199 -15.293 -10.5602 -6.82136 -4.08339 -2.24715 -1.13025 -0.517892 -0.215986 -0.0820435 -0.0284282 -0.0090005 -0.0026075 -0.000691688 -0.000171543 0
-66.9139 -66.07 -66.0913 -66.0933 -66.1863 -66.2841 -66.1026 -65.7795 -65.9508 -66.7349 -67.124 -66.1374 -64.4014 -63.8622 -65.7827 -69.291 -72.0239 -72.1885 -69.4905 -64.5846 -58.3008 -51.2951 -44.0159 -36.7697 -29.787 -23.2664 -17.3936 -12.3378 -8.22542 -5.10528 -2.92477 -1.53621 -0.7366 -0.321847 -0.128161 -0.0465689 -0.0154667 -0.0047028 -0.00131012 -0.000342314 0
-66.9139 -66.0704 -66.0994 -66.0892 -66.156 -66.2831 -66.1801 -65.8333 -65.8265 -66.5183 -67.1467 -66.5443 -64.8391 -63.775 -64.993 -68.2519 -71.4354 -72.4416 -70.5729 -66.2938 -60.4244 -53.67 -46.5243 -39.32 -32.2975 -25.6548 -19.5753 -14.232 -9.7697 -6.27251 -3.73294 -2.04386 -1.02411 -0.468297 -0.195308 -0.0743562 -0.0258819 -0.00825081 -0.00241093 -0.000662854 0
-66.9139 -66.0698 -66.1072 -66.0907 -66.1284 -66.2666 -66.2425 -65.9121 -65.7521 -66.2957 -67.0745 -66.8633 -65.3273 -63.8765 -64.3824 -67.2149 -70.661 -72.4325 -71.4139 -67.8162 -62.4121 -55.9481 -48.9669 -41.8329 -34.8003 -28.0695 -21.8208 -16.2268 -11.4436 -7.58257 -4.67751 -2.66462 -1.3931 -0.665907 -0.290603 -0.115822 -0.0422163 -0.0140964 -0.0043157 -0.00124721 0
-66.9139 -66.0684 -66.114 -66.097 -66.1062 -66.2388 -66.2853 -66.0042 -65.7282 -66.0896 -66.9262 -67.0779 -65.8211 -64.1378 -63.9718 -66.2396 -69.7475 -72.1744 -72.0057 -69.1389 -64.2528 -58.1208 -51.3359 -44.2993 -37.2844 -30.4966 -24.1139 -18.3061 -13.2342 -9.02946 -5.76089 -3.40776 -1.85592 -0.926179 -0.42252 -0.176148 -0.067178 -0.0234754 -0.00752279 -0.00228305 0
-66.9139 -66.0663 -66.119 -66.1065 -66.0912 -66.2044 -66.3066 -66.0983 -65.7501 -65.9177 -66.7253 -67.1824 -66.2794 -64.5215 -63.7667 -65.3784 -68.7481 -71.6893 -72.3447 -70.2497 -65.935 -60.179 -53.6234 -46.7113 -39.74 -32.9237 -26.4395 -20.4535 -15.1271 -10.6042 -6.98193 -4.27979 -2.42381 -1.26107 -0.600758 -0.261761 -0.104373 -0.0381412 -0.0127819 -0.00407036 0
-66.9139 -66.0639 -66.1221 -66.1178 -66.084 -66.1682 -66.3072 -66.184 -65.8094 -65.7921 -66.4971 -67.1813 -66.6685 -64.9848 -63.7586 -64.6732 -67.72 -71.0084 -72.4325 -71.1376 -67.4469 -62.1132 -55.8219 -49.0617 -42.1586 -35.3397 -28.784 -22.6535 -17.1073 -12.2954 -8.33616 -5.28412 -3.10622 -1.68239 -0.835984 -0.380361 -0.158451 -0.0605071 -0.0211878 -0.00707504 0
-66.9139 -66.0613 -66.1232 -66.1292 -66.0842 -66.1344 -66.29 -66.2536 -65.895 -65.7187 -66.2666 -67.0878 -66.9643 -65.4835 -63.9262 -64.1528 -66.7212 -70.1712 -72.2774 -71.7935 -68.7762 -63.9135 -57.9238 -51.3436 -44.5326 -37.7352 -31.1351 -24.8916 -19.1594 -14.0901 -9.81611 -6.42085 -3.91021 -2.20114 -1.13942 -0.540836 -0.235206 -0.0937933 -0.034293 -0.0120006 0
-66.9139 -66.0588 -66.1224 -66.1395 -66.0908 -66.1065 -66.2594 -66.3019 -65.9947 -65.6978 -66.0558 -66.9216 -67.1531 -65.9745 -64.2385 -63.8315 -65.8059 -69.225 -71.8957 -72.2117 -69.9111 -65.5693 -59.921 -53.5502 -46.8551 -40.1019 -33.4822 -27.1544 -21.2686 -15.9744 -11.4119 -7.68688 -4.84003 -2.82686 -1.52235 -0.753053 -0.341625 -0.142165 -0.0542349 -0.0198802 0
-66.9139 -66.0566 -66.1201 -66.1477 -66.1021 -66.0867 -66.2206 -66.3269 -66.0963 -65.7243 -65.8822 -66.7068 -67.2315 -66.4193 -64.6572 -63.7096 -65.0205 -68.2223 -71.3116 -72.3907 -70.8402 -67.0696 -61.805 -55.675 -49.1199 -42.4324 -35.8158 -29.4299 -23.4208 -17.9339 -13.112 -9.07623 -5.89689 -3.56703 -1.99546 -1.02752 -0.485833 -0.210843 -0.0838694 -0.0321899 0
-66.9139 -66.0549 -66.1168 -66.1531 -66.1162 -66.0761 -66.179 -66.329 -66.1892 -65.7895 -65.7572 -66.4687 -67.2061 -66.7874 -65.1398 -63.7741 -64.4004 -67.2178 -70.5584 -72.3348 -71.554 -68.403 -63.5668 -57.711 -51.321 -44.7203 -38.1277 -31.7077 -25.6031 -19.9544 -14.9034 -10.5804 -7.079 -4.42664 -2.5683 -1.37496 -0.676938 -0.306156 -0.126899 -0.0509809 0
-66.9139 -66.0537 -66.1132 -66.1556 -66.131 -66.0745 -66.1395 -66.3112 -66.2649 -65.8817 -65.6866 -66.232 -67.0915 -67.0577 -65.6434 -64.0009 -63.9679 -66.2661 -69.6766 -72.0549 -72.045 -69.558 -65.1967 -59.6512 -53.4526 -46.9596 -40.4109 -33.9783 -27.8037 -22.0226 -16.7729 -12.1891 -8.3817 -5.40788 -3.24866 -1.80572 -0.924754 -0.435522 -0.187977 -0.0790263 0
-66.9139 -66.053 -66.1095 -66.1552 -66.1449 -66.0809 -66.1062 -66.2781 -66.3179 -65.9883 -65.67 -66.0186 -66.9083 -67.2192 -66.1267 -64.3572 -63.7316 -65.4163 -68.7136 -71.5696 -72.3095 -70.5234 -66.6846 -61.4878 -55.5087 -49.1448 -42.659 -36.2337 -30.0121 -24.1256 -18.707 -13.8907 -9.7979 -6.51011 -4.04213 -2.32927 -1.23942 -0.607337 -0.272767 -0.119972 0