0 1 2 3 4 5 6 7 8 9 10 11 12 13 14 15 16 17 18 19 20 21 22 23 24 25 26 27 28 29 30 31 32 33 34 35 36 37 38 39 40
0 1 2 3 4 5 6 7 8 9 10 11 12 13 14 15 16 17 18 19 20 21 22 23 24 25 26 27 28 29 30 31 32 33 34 35 36 37 38 39 40
0 1 2 3 4 5 6 7 8 9 10 11 12 13 14 15 16 17 18 19 20 21 22 23 24 25 26 27 28 29 30 31 32 33 34 35 36 37 38 39 40
0 1 2 3 4 5 6 7 8 9 10 11 12 13 14 15 16 17 18 19 20 21 22 23 24 25 26 27 28 29 30 31 32 33 34 35 36 37 38 39 40
0 1 2 3 4 5 6 7 8 9 10 11 12 13 14 15 16 17 18 19 20 21 22 23 24 25 26 27 28 29 30 31 32 33 34 35 36 37 38 39 40
0 1 2 3 4 5 6 7 8 9 10 11 12 13 14 15 16 17 18 19 20 21 22 23 24 25 26 27 28 29 30 31 32 33 34 35 36 37 38 39 40
0 1 2 3 4 5 6 7 8 9 10 11 12 13 14 15 16 17 18 19 20 21 22 23 24 25 26 27 28 29 30 31 32 33 34 35 36 37 38 39 40
0 1 2 3 4 5 6 7 8 9 10 11 12 13 14 15 16 17 18 19 20 21 22 23 24 25 26 27 28 29 30 31 32 33 34 35 36 37 38 39 40
0 1 2 3 4 5 6 7 8 9 10 11 12 13 14 15 16 17 18 19 20 21 22 23 24 25 26 27 28 29 30 31 32 33 34 35 36 37 38 39 40
0 1 2 3 4 5 6 7 8 9 10 11 12 13 14 15 16 17 18 19 20 21 22 23 24 25 26 27 28 29 30 31 32 33 34 35 36 37 38 39 40
0 1 2 3 4 5 6 7 8 9 10 11 12 13 14 15 16 17 18 19 20 21 22 23 24 25 26 27 28 29 30 31 32 33 34 35 36 37 38 39 40
0 1 2 3 4 5 6 7 8 9 10 11 12 13 14 15 16 17 18 19 20 21 22 23 24 25 26 27 28 29 30 31 32 33 34 35 36 37 38 39 40
0 1 2 3 4 5 6 7 8 9 10 11 12 13 14 15 16 17 18 19 20 21 22 23 24 25 26 27 28 29 30 31 32 33 34 35 36 37 38 39 40
0 1 2 3 4 5 6 7 8 9 10 11 12 13 14 15 16 17 18 19 20 21 22 23 24 25 26 27 28 29 30 31 32 33 34 35 36 37 38 39 40
0 1 2 3 4 5 6 7 8 9 10 11 12 13 14 15 16 17 18 19 20 21 22 23 24 25 26 27 28 29 30 31 32 33 34 35 36 37 38 39 40
-0.0543245 0.947034 1.94839 2.94975 3.95111 4.95247 5.95382 6.95518 7.95654 8.9579 9.95926 10.9606 11.962 12.9633 13.9647 14.966 15.9674 16.9688 17.9701 18.9715 19.9728 20.9742 21.9756 22.9769 23.9783 24.9796 25.981 26.9823 27.9837 28.9851 29.9864 30.9878 31.9891 32.9905 33.9919 34.9932 35.9946 36.9959 37.9973 38.9986 40
-0.120174 0.882831 1.88584 2.88884 3.89184 4.89485 5.89785 6.90086 7.90386 8.90687 9.90987 10.9129 11.9159 12.9189 13.9219 14.9249 15.9279 16.9309 17.9339 18.9369 19.9399 20.9429 21.9459 22.9489 23.9519 24.9549 25.9579 26.9609 27.9639 28.967 29.97 30.973 31.976 32.979 33.982 34.985 35.988 36.991 37.994 38.997 40
-0.186131 0.818522 1.82318 2.82783 3.83248 4.83714 5.84179 6.84644 7.8511 8.85575 9.8604 10.8651 11.8697 12.8744 13.879 14.8837 15.8883 16.893 17.8976 18.9023 19.9069 20.9116 21.9162 22.9209 23.9255 24.9302 25.9349 26.9395 27.9442 28.9488 29.9535 30.9581 31.9628 32.9674 33.9721 34.9767 35.9814 36.986 37.9907 38.9953 40
-0.252197 0.754108 1.76041 2.76672 3.77302 4.77933 5.78563 6.79194 7.79824 8.80455 9.81085 10.8172 11.8235 12.8298 13.8361 14.8424 15.8487 16.855 17.8613 18.8676 19.8739 20.8802 21.8865 22.8928 23.8991 24.9054 25.9117 26.918 27.9243 28.9306 29.937 30.9433 31.9496 32.9559 33.9622 34.9685 35.9748 36.9811 37.9874 38.9937 40
-0.318371 0.689588 1.69755 2.70551 3.71347 4.72143 5.72938 6.73734 7.7453 8.75326 9.76122 10.7692 11.7771 12.7851 13.7931 14.801 15.809 16.8169 17.8249 18.8329 19.8408 20.8488 21.8567 22.8647 23.8727 24.8806 25.8886 26.8965 27.9045 28.9124 29.9204 30.9284 31.9363 32.9443 33.9522 34.9602 35.9682 36.9761 37.9841 38.992 40
-0.384655 0.624962 1.63458 2.64419 3.65381 4.66343 5.67304 6.68266 7.69228 8.70189 9.71151 10.7211 11.7307 12.7404 13.75 14.7596 15.7692 16.7788 17.7884 18.7981 19.8077 20.8173 21.8269 22.8365 23.8461 24.8558 25.8654 26.875 27.8846 28.8942 29.9038 30.9135 31.9231 32.9327 33.9423 34.9519 35.9615 36.9712 37.9808 38.9904 40
-0.451047 0.560229 1.57151 2.58278 3.59406 4.60533 5.61661 6.62789 7.63916 8.65044 9.66171 10.673 11.6843 12.6955 13.7068 14.7181 15.7294 16.7406 17.7519 18.7632 19.7745 20.7858 21.797 22.8083 23.8196 24.8309 25.8421 26.8534 27.8647 28.876 29.8872 30.8985 31.9098 32.9211 33.9323 34.9436 35.9549 36.9662 37.9774 38.9887 40
-0.517548 0.495391 1.50833 2.52127 3.53421 4.54715 5.56008 6.57302 7.58596 8.5989 9.61184 10.6248 11.6377 12.6507 13.6636 14.6765 15.6895 16.7024 17.7153 18.7283 19.7412 20.7542 21.7671 22.78 23.793 24.8059 25.8189 26.8318 27.8447 28.8577 29.8706 30.8836 31.8965 32.9094 33.9224 34.9353 35.9482 36.9612 37.9741 38.9871 40
-0.584159 0.430445 1.44505 2.45965 3.47426 4.48886 5.50346 6.51807 7.53267 8.54728 9.56188 10.5765 11.5911 12.6057 13.6203 14.6349 15.6495 16.6641 17.6787 18.6933 19.7079 20.7225 21.7371 22.7517 23.7663 24.7809 25.7955 26.8101 27.8248 28.8394 29.854 30.8686 31.8832 32.8978 33.9124 34.927 35.9416 36.9562 37.9708 38.9854 40
-0.650879 0.365393 1.38166 2.39794 3.41421 4.43048 5.44675 6.46302 7.4793 8.49557 9.51184 10.5281 11.5444 12.5607 13.5769 14.5932 15.6095 16.6257 17.642 18.6583 19.6746 20.6908 21.7071 22.7234 23.7396 24.7559 25.7722 26.7885 27.8047 28.821 29.8373 30.8536 31.8698 32.8861 33.9024 34.9186 35.9349 36.9512 37.9675 38.9837 40
-0.717709 0.300234 1.31818 2.33612 3.35406 4.372 5.38995 6.40789 7.42583 8.44378 9.46172 10.4797 11.4976 12.5155 13.5335 14.5514 15.5694 16.5873 17.6053 18.6232 19.6411 20.6591 21.677 22.695 23.7129 24.7309 25.7488 26.7667 27.7847 28.8026 29.8206 30.8385 31.8565 32.8744 33.8923 34.9103 35.9282 36.9462 37.9641 38.9821 40
-0.784649 0.234968 1.25458 2.2742 3.29382 4.31343 5.33305 6.35266 7.37228 8.3919 9.41151 10.4311 11.4507 12.4704 13.49 14.5096 15.5292 16.5488 17.5684 18.5881 19.6077 20.6273 21.6469 22.6665 23.6861 24.7058 25.7254 26.745 27.7646 28.7842 29.8038 30.8235 31.8431 32.8627 33.8823 34.9019 35.9215 36.9412 37.9608 38.9804 40
-0.851698 0.169594 1.19089 2.21218 3.23347 4.25476 5.27606 6.29735 7.31864 8.33993 9.36123 10.3825 11.4038 12.4251 13.4464 14.4677 15.489 16.5103 17.5316 18.5529 19.5742 20.5954 21.6167 22.638 23.6593 24.6806 25.7019 26.7232 27.7445 28.7658 29.7871 30.8084 31.8297 32.851 33.8722 34.8935 35.9148 36.9361 37.9574 38.9787 40
-0.918858 0.104113 1.12708 2.15006 3.17303 4.196 5.21897 6.24194 7.26491 8.28788 9.31086 10.3338 11.3568 12.3798 13.4027 14.4257 15.4487 16.4717 17.4946 18.5176 19.5406 20.5635 21.5865 22.6095 23.6325 24.6554 25.6784 26.7014 27.7243 28.7473 29.7703 30.7933 31.8162 32.8392 33.8622 34.8851 35.9081 36.9311 37.9541 38.977 40
-0.986129 0.0385243 1.06318 2.08783 3.11248 4.13714 5.16179 6.18644 7.2111 8.23575 9.2604 10.2851 11.3097 12.3344 13.359 14.3837 15.4083 16.433 17.4576 18.4823 19.5069 20.5316 21.5562 22.5809 23.6055 24.6302 25.6549 26.6795 27.7042 28.7288 29.7535 30.7781 31.8028 32.8274 33.8521 34.8767 35.9014 36.926 37.9507 38.9753 40
-1.05351 -0.0271722 0.999166 2.0255 3.05184 4.07818 5.10452 6.13085 7.15719 8.18353 9.20987 10.2362 11.2625 12.2889 13.3152 14.3416 15.3679 16.3942 17.4206 18.4469 19.4732 20.4996 21.5259 22.5523 23.5786 24.6049 25.6313 26.6576 27.6839 28.7103 29.7366 30.763 31.7893 32.8156 33.842 34.8683 35.8946 36.921 37.9473 38.9737 40
-1.121 -0.0929767 0.935048 1.96307 2.9911 4.01912 5.04715 6.07517 7.1032 8.13122 9.15925 10.1873 11.2153 12.2433 13.2713 14.2994 15.3274 16.3554 17.3834 18.4115 19.4395 20.4675 21.4955 22.5236 23.5516 24.5796 25.6076 26.6357 27.6637 28.6917 29.7197 30.7478 31.7758 32.8038 33.8318 34.8599 35.8879 36.9159 37.9439 38.972 40
-1.1886 -0.158889 0.870826 1.90054 2.93026 3.95997 4.98969 6.0194 7.04912 8.07883 9.10855 10.1383 11.168 12.1977 13.2274 14.2571 15.2868 16.3166 17.3463 18.376 19.4057 20.4354 21.4651 22.4948 23.5246 24.5543 25.584 26.6137 27.6434 28.6731 29.7028 30.7326 31.7623 32.792 33.8217 34.8514 35.8811 36.9109 37.9406 38.9703 40
-1.25632 -0.22491 0.806498 1.83791 2.86931 3.90072 4.93213 5.96354 6.99495 8.02635 9.05776 10.0892 11.1206 12.152 13.1834 14.2148 15.2462 16.2776 17.309 18.3404 19.3718 20.4032 21.4347 22.4661 23.4975 24.5289 25.5603 26.5917 27.6231 28.6545 29.6859 30.7173 31.7487 32.7801 33.8116 34.843 35.8744 36.9058 37.9372 38.9686 40
-1.32414 -0.29104 0.742064 1.77517 2.80827 3.84137 4.87448 5.90758 6.94069 7.97379 9.00689 10.04 11.0731 12.1062 13.1393 14.1724 15.2055 16.2386 17.2717 18.3048 19.3379 20.371 21.4041 22.4372 23.4703 24.5034 25.5365 26.5697 27.6028 28.6359 29.669 30.7021 31.7352 32.7683 33.8014 34.8345 35.8676 36.9007 37.9338 38.9669 40
-1.39208 -0.357278 0.677524 1.71233 2.74713 3.78193 4.81673 5.85153 6.88634 7.92114 8.95594 9.99074 11.0255 12.0603 13.0951 14.1299 15.1648 16.1996 17.2344 18.2692 19.304 20.3388 21.3736 22.4084 23.4432 24.478 25.5128 26.5476 27.5824 28.6172 29.652 30.6868 31.7216 32.7564 33.7912 34.826 35.8608 36.8956 37.9304 38.9652 40
-1.46013 -0.423626 0.612878 1.64938 2.68588 3.72239 4.75889 5.79539 6.8319 7.8684 8.9049 9.94141 10.9779 12.0144 13.0509 14.0874 15.1239 16.1604 17.1969 18.2334 19.2699 20.3064 21.3429 22.3794 23.4159 24.4525 25.489 26.5255 27.562 28.5985 29.635 30.6715 31.708 32.7445 33.781 34.8175 35.854 36.8905 37.927 38.9635 40
-1.52829 -0.490082 0.548125 1.58633 2.62454 3.66275 4.70095 5.73916 6.77737 7.81558 8.85378 9.89199 10.9302 11.9684 13.0066 14.0448 15.083 16.1212 17.1594 18.1976 19.2359 20.2741 21.3123 22.3505 23.3887 24.4269 25.4651 26.5033 27.5415 28.5797 29.6179 30.6561 31.6943 32.7325 33.7708 34.809 35.8472 36.8854 37.9236 38.9618 40
-1.59656 -0.556647 0.483267 1.52318 2.56309 3.60301 4.64292 5.68284 6.72275 7.76266 8.80258 9.84249 10.8824 11.9223 12.9622 14.0021 15.0421 16.082 17.1219 18.1618 19.2017 20.2416 21.2815 22.3215 23.3614 24.4013 25.4412 26.4811 27.521 28.5609 29.6009 30.6408 31.6807 32.7206 33.7605 34.8004 35.8403 36.8803 37.9202 38.9601 40
-1.66495 -0.623322 0.418301 1.45992 2.50155 3.54317 4.5848 5.62642 6.66804 7.70967 8.75129 9.79291 10.8345 11.8762 12.9178 13.9594 15.001 16.0427 17.0843 18.1259 19.1675 20.2092 21.2508 22.2924 23.334 24.3756 25.4173 26.4589 27.5005 28.5421 29.5838 30.6254 31.667 32.7086 33.7503 34.7919 35.8335 36.8751 37.9168 38.9584 40
-1.73344 -0.690107 0.353229 1.39657 2.4399 3.48324 4.52657 5.56991 6.61325 7.65658 8.69992 9.74325 10.7866 11.8299 12.8733 13.9166 14.9599 16.0033 17.0466 18.0899 19.1333 20.1766 21.22 22.2633 23.3066 24.35 25.3933 26.4366 27.48 28.5233 29.5666 30.61 31.6533 32.6966 33.74 34.7833 35.8267 36.87 37.9133 38.9567 40
-1.80205 -0.757001 0.28805 1.3331 2.37815 3.4232 4.46826 5.51331 6.55836 7.60341 8.64846 9.69351 10.7386 11.7836 12.8287 13.8737 14.9188 15.9638 17.0089 18.0539 19.099 20.144 21.1891 22.2341 23.2792 24.3242 25.3693 26.4143 27.4594 28.5044 29.5495 30.5945 31.6396 32.6846 33.7297 34.7747 35.8198 36.8648 37.9099 38.9549 40
-1.87077 -0.824006 0.222764 1.26953 2.3163 3.36307 4.40984 5.45661 6.50338 7.55015 8.59692 9.64369 10.6905 11.7372 12.784 13.8308 14.8775 15.9243 16.9711 18.0178 19.0646 20.1114 21.1582 22.2049 23.2517 24.2985 25.3452 26.392 27.4388 28.4855 29.5323 30.5791 31.6258 32.6726 33.7194 34.7662 35.8129 36.8597 37.9065 38.9532 40
-1.93961 -0.89112 0.15737 1.20586 2.25435 3.30284 4.35133 5.39982 6.44831 7.4968 8.54529 9.59378 10.6423 11.6908 12.7393 13.7877 14.8362 15.8847 16.9332 17.9817 19.0302 20.0787 21.1272 22.1757 23.2242 24.2726 25.3211 26.3696 27.4181 28.4666 29.5151 30.5636 31.6121 32.6606 33.7091 34.7575 35.806 36.8545 37.903 38.9515 40
-2.00856 -0.958345 0.0918691 1.14208 2.1923 3.24251 4.29272 5.34294 6.39315 7.44337 8.49358 9.54379 10.594 11.6442 12.6944 13.7447 14.7949 15.8451 16.8953 17.9455 18.9957 20.0459 21.0961 22.1464 23.1966 24.2468 25.297 26.3472 27.3974 28.4476 29.4979 30.5481 31.5983 32.6485 33.6987 34.7489 35.7991 36.8494 37.8996 38.9498 40
-2.07762 -1.02568 0.0262602 1.0782 2.13014 3.18208 4.23402 5.28596 6.3379 7.38984 8.44178 9.49372 10.5457 11.5976 12.6495 13.7015 14.7534 15.8054 16.8573 17.9092 18.9612 20.0131 21.0651 22.117 23.169 24.2209 25.2728 26.3248 27.3767 28.4287 29.4806 30.5325 31.5845 32.6364 33.6884 34.7403 35.7922 36.8442 37.8961 38.9481 40
-2.1468 -1.09313 -0.0394564 1.01421 2.06788 3.12155 4.17522 5.22889 6.28256 7.33623 8.3899 9.44357 10.4972 11.5509 12.6046 13.6583 14.7119 15.7656 16.8193 17.8729 18.9266 19.9803 21.0339 22.0876 23.1413 24.195 25.2486 26.3023 27.356 28.4096 29.4633 30.517 31.5706 32.6243 33.678 34.7317 35.7853 36.839 37.8927 38.9463 40
-2.21609 -1.16068 -0.105281 0.950121 2.00552 3.06093 4.11633 5.17173 6.22713 7.28253 8.33794 9.39334 10.4487 11.5041 12.5595 13.6149 14.6703 15.7258 16.7812 17.8366 18.892 19.9474 21.0028 22.0582 23.1136 24.169 25.2244 26.2798 27.3352 28.3906 29.446 30.5014 31.5568 32.6122 33.6676 34.723 35.7784 36.8338 37.8892 38.9446 40
-2.28549 -1.22835 -0.171214 0.885923 1.94306 3.0002 4.05733 5.11447 6.17161 7.22875 8.28588 9.34302 10.4002 11.4573 12.5144 13.5716 14.6287 15.6858 16.743 17.8001 18.8573 19.9144 20.9715 22.0287 23.0858 24.1429 25.2001 26.2572 27.3144 28.3715 29.4286 30.4858 31.5429 32.6 33.6572 34.7143 35.7715 36.8286 37.8857 38.9429 40
-2.35501 -1.29613 -0.237255 0.82162 1.88049 2.93937 3.99825 5.05712 6.116 7.17487 8.23375 9.29262 10.3515 11.4104 12.4692 13.5281 14.587 15.6459 16.7047 17.7636 18.8225 19.8814 20.9402 21.9991 23.058 24.1169 25.1757 26.2346 27.2935 28.3524 29.4112 30.4701 31.529 32.5879 33.6467 34.7056 35.7645 36.8234 37.8822 38.9411 40
-2.42464 -1.36402 -0.303405 0.757211 1.81783 2.87844 3.93906 4.99967 6.06029 7.12091 8.18152 9.24214 10.3028 11.3634 12.424 13.4846 14.5452 15.6058 16.6664 17.7271 18.7877 19.8483 20.9089 21.9695 23.0301 24.0908 25.1514 26.212 27.2726 28.3332 29.3938 30.4545 31.5151 32.5757 33.6363 34.6969 35.7575 36.8182 37.8788 38.9394 40
-2.49438 -1.43202 -0.369664 0.692696 1.75506 2.81741 3.87977 4.94213 6.00449 7.06685 8.12921 9.19157 10.2539 11.3163 12.3787 13.441 14.5034 15.5657 16.6281 17.6904 18.7528 19.8152 20.8775 21.9399 23.0022 24.0646 25.127 26.1893 27.2517 28.314 29.3764 30.4388 31.5011 32.5635 33.6258 34.6882 35.7506 36.8129 37.8753 38.9376 40
-2.56424 -1.50014 -0.436031 0.628075 1.69218 2.75629 3.82039 4.8845 5.94861 7.01271 8.07682 9.14092 10.205 11.2691 12.3332 13.3973 14.4615 15.5256 16.5897 17.6538 18.7179 19.782 20.8461 21.9102 22.9743 24.0384 25.1025 26.1666 27.2307 28.2948 29.3589 30.423 31.4872 32.5513 33.6154 34.6795 35.7436 36.8077 37.8718 38.9359 40
-2.63422 -1.56836 -0.502508 0.563347 1.6292 2.69506 3.76091 4.82677 5.89262 6.95848 8.02434 9.09019 10.156 11.2219 12.2878 13.3536 14.4195 15.4853 16.5512 17.617 18.6829 19.7487 20.8146 21.8805 22.9463 24.0122 25.078 26.1439 27.2097 28.2756 29.3414 30.4073 31.4732 32.539 33.6049 34.6707 35.7366 36.8024 37.8683 38.9341 40
-2.70431 -1.6367 -0.569094 0.498514 1.56612 2.63373 3.70134 4.76894 5.83655 6.90416 7.97177 9.03938 10.107 11.1746 12.2422 13.3098 14.3774 15.445 16.5126 17.5802 18.6478 19.7155 20.7831 21.8507 22.9183 23.9859 25.0535 26.1211 27.1887 28.2563 29.3239 30.3915 31.4591 32.5267 33.5944 34.662 35.7296 36.7972 37.8648 38.9324 40
-2.77452 -1.70515 -0.635789 0.433573 1.50294 2.5723 3.64166 4.71102 5.78039 6.84975 7.91911 8.98848 10.0578 11.1272 12.1966 13.2659 14.3353 15.4047 16.474 17.5434 18.6127 19.6821 20.7515 21.8208 22.8902 23.9596 25.0289 26.0983 27.1676 28.237 29.3064 30.3757 31.4451 32.5145 33.5838 34.6532 35.7225 36.7919 37.8613 38.9306 40
-2.84484 -1.77372 -0.702595 0.368526 1.43965 2.51077 3.58189 4.65301 5.72413 6.79525 7.86637 8.93749 10.0086 11.0797 12.1509 13.222 14.2931 15.3642 16.4353 17.5065 18.5776 19.6487 20.7198 21.7909 22.8621 23.9332 25.0043 26.0754 27.1465 28.2177 29.2888 30.3599 31.431 32.5022 33.5733 34.6444 35.7155 36.7866 37.8578 38.9289 40
-2.91527 -1.84239 -0.769509 0.303372 1.37625 2.44914 3.52202 4.5949 5.66778 6.74066 7.81355 8.88643 9.95931 11.0322 12.1051 13.178 14.2508 15.3237 16.3966 17.4695 18.5424 19.6152 20.6881 21.761 22.8339 23.9068 24.9797 26.0525 27.1254 28.1983 29.2712 30.3441 31.4169 32.4898 33.5627 34.6356 35.7085 36.7814 37.8542 38.9271 40
-2.98583 -1.91118 -0.836534 0.238111 1.31276 2.3874 3.46205 4.53669 5.61134 6.68599 7.76063 8.83528 9.90992 10.9846 12.0592 13.1339 14.2085 15.2832 16.3578 17.4324 18.5071 19.5817 20.6564 21.731 22.8057 23.8803 24.955 26.0296 27.1043 28.1789 29.2535 30.3282 31.4028 32.4775 33.5521 34.6268 35.7014 36.7761 37.8507 38.9254 40
-3.05649 -1.98008 -0.903669 0.172743 1.24916 2.32557 3.40198 4.47839 5.5548 6.63122 7.70763 8.78404 9.86045 10.9369 12.0133 13.0897 14.1661 15.2425 16.3189 17.3953 18.4718 19.5482 20.6246 21.701 22.7774 23.8538 24.9302 26.0066 27.0831 28.1595 29.2359 30.3123 31.3887 32.4651 33.5415 34.6179 35.6944 36.7708 37.8472 38.9236 40
-3.12728 -2.0491 -0.970915 0.107267 1.18545 2.26363 3.34181 4.41999 5.49818 6.57636 7.65454 8.73272 9.8109 10.8891 11.9673 13.0455 14.1236 15.2018 16.28 17.3582 18.4364 19.5145 20.5927 21.6709 22.7491 23.8273 24.9055 25.9836 27.0618 28.14 29.2182 30.2964 31.3745 32.4527 33.5309 34.6091 35.6873 36.7655 37.8436 38.9218 40
-3.19818 -2.11823 -1.03827 0.0416836 1.12164 2.20159 3.28155 4.3615 5.44146 6.52141 7.60137 8.68132 9.76127 10.8412 11.9212 13.0011 14.0811 15.161 16.241 17.321 18.4009 19.4809 20.5608 21.6408 22.7207 23.8007 24.8806 25.9606 27.0405 28.1205 29.2005 30.2804 31.3604 32.4403 33.5203 34.6002 35.6802 36.7601 37.8401 38.92 40
-3.2692 -2.18747 -1.10574 -0.0240077 1.05772 2.13945 3.22118 4.30291 5.38464 6.46637 7.5481 8.62983 9.71156 10.7933 11.875 12.9568 14.0385 15.1202 16.2019 17.2837 18.3654 19.4471 20.5289 21.6106 22.6923 23.7741 24.8558 25.9375 27.0192 28.101 29.1827 30.2644 31.3462 32.4279 33.5096 34.5914 35.6731 36.7548 37.8365 38.9183 40
-3.34033 -2.25682 -1.17332 -0.089807 0.993701 2.07721 3.16072 4.24423 5.32773 6.41124 7.49475 8.57826 9.66177 10.7453 11.8288 12.9123 13.9958 15.0793 16.1628 17.2463 18.3298 19.4133 20.4969 21.5804 22.6639 23.7474 24.8309 25.9144 26.9979 28.0814 29.1649 30.2484 31.3319 32.4154 33.499 34.5825 35.666 36.7495 37.833 38.9165 40
-3.41158 -2.32629 -1.241 -0.155715 0.929575 2.01486 3.10015 4.18544 5.27073 6.35602 7.44131 8.5266 9.61189 10.6972 11.7825 12.8678 13.9531 15.0383 16.1236 17.2089 18.2942 19.3795 20.4648 21.5501 22.6354 23.7207 24.8059 25.8912 26.9765 28.0618 29.1471 30.2324 31.3177 32.403 33.4883 34.5736 35.6588 36.7441 37.8294 38.9147 40
-3.48295 -2.39588 -1.3088 -0.22173 0.865343 1.95242 3.03949 4.12656 5.21364 6.30071 7.38779 8.47486 9.56193 10.649 11.7361 12.8232 13.9102 14.9973 16.0844 17.1715 18.2585 19.3456 20.4327 21.5197 22.6068 23.6939 24.781 25.868 26.9551 28.0422 29.1293 30.2163 31.3034 32.3905 33.4776 34.5646 35.6517 36.7388 37.8259 38.9129 40
-3.55444 -2.46558 -1.37672 -0.287855 0.801006 1.88987 2.97873 4.06759 5.15645 6.24531 7.33417 8.42303 9.51189 10.6008 11.6896 12.7785 13.8673 14.9562 16.0451 17.1339 18.2228 19.3116 20.4005 21.4894 22.5782 23.6671 24.7559 25.8448 26.9337 28.0225 29.1114 30.2003 31.2891 32.378 33.4668 34.5557 35.6446 36.7334 37.8223 38.9111 40
-3.62604 -2.53539 -1.44474 -0.354088 0.736563 1.82721 2.91787 4.00852 5.09917 6.18982 7.28047 8.37112 9.46177 10.5524 11.6431 12.7337 13.8244 14.915 16.0057 17.0963 18.187 19.2776 20.3683 21.4589 22.5496 23.6402 24.7309 25.8215 26.9122 28.0028 29.0935 30.1841 31.2748 32.3654 33.4561 34.5467 35.6374 36.728 37.8187 38.9093 40
-3.69776 -2.60532 -1.51287 -0.42043 0.672014 1.76446 2.8569 3.94935 5.04179 6.13423 7.22668 8.31912 9.41157 10.504 11.5965 12.6889 13.7813 14.8738 15.9662 17.0587 18.1511 19.2436 20.336 21.4285 22.5209 23.6133 24.7058 25.7982 26.8907 27.9831 29.0756 30.168 31.2604 32.3529 33.4453 34.5378 35.6302 36.7227 37.8151 38.9076 40
-3.7696 -2.67536 -1.58112 -0.486881 0.607359 1.7016 2.79584 3.89008 4.98432 6.07856 7.1728 8.26704 9.36128 10.4555 11.5498 12.644 13.7382 14.8325 15.9267 17.021 18.1152 19.2094 20.3037 21.3979 22.4922 23.5864 24.6806 25.7749 26.8691 27.9634 29.0576 30.1518 31.2461 32.3403 33.4346 34.5288 35.623 36.7173 37.8115 38.9058 40
-3.84156 -2.74552 -1.64948 -0.553441 0.542598 1.63864 2.73468 3.83071 4.92675 6.02279 7.11883 8.21487 9.31091 10.4069 11.503 12.599 13.6951 14.7911 15.8871 16.9832 18.0792 19.1753 20.2713 21.3673 22.4634 23.5594 24.6555 25.7515 26.8475 27.9436 29.0396 30.1356 31.2317 32.3277 33.4238 34.5198 35.6158 36.7119 37.8079 38.904 40
-3.91363 -2.81579 -1.71795 -0.620111 0.47773 1.57557 2.67341 3.77125 4.86909 5.96693 7.06478 8.16262 9.26046 10.3583 11.4561 12.554 13.6518 14.7497 15.8475 16.9453 18.0432 19.141 20.2389 21.3367 22.4345 23.5324 24.6302 25.7281 26.8259 27.9238 29.0216 30.1194 31.2173 32.3151 33.413 34.5108 35.6086 36.7065 37.8043 38.9022 40
-3.98583 -2.88618 -1.78654 -0.68689 0.412756 1.5124 2.61205 3.71169 4.81134 5.91098 7.01063 8.11028 9.20992 10.3096 11.4092 12.5089 13.6085 14.7081 15.8078 16.9074 18.0071 19.1067 20.2064 21.306 22.4057 23.5053 24.605 25.7046 26.8043 27.9039 29.0035 30.1032 31.2028 32.3025 33.4021 34.5018 35.6014 36.7011 37.8007 38.9004 40
-4.05814 -2.95669 -1.85523 -0.753779 0.347674 1.44913 2.55058 3.65203 4.75349 5.85494 6.9564 8.05785 9.1593 10.2608 11.3622 12.4637 13.5651 14.6666 15.768 16.8695 17.9709 19.0724 20.1738 21.2753 22.3767 23.4782 24.5797 25.6811 26.7826 27.884 28.9855 30.0869 31.1884 32.2898 33.3913 34.4927 35.5942 36.6956 37.7971 38.8985 40
-4.13057 -3.02731 -1.92404 -0.820778 0.282486 1.38575 2.48901 3.59228 4.69554 5.79881 6.90207 8.00534 9.1086 10.2119 11.3151 12.4184 13.5217 14.6249 15.7282 16.8315 17.9347 19.038 20.1412 21.2445 22.3478 23.451 24.5543 25.6576 26.7608 27.8641 28.9674 30.0706 31.1739 32.2772 33.3804 34.4837 35.5869 36.6902 37.7935 38.8967 40
-4.20312 -3.09804 -1.99297 -0.887887 0.217191 1.32227 2.42735 3.53242 4.6375 5.74258 6.84766 7.95274 9.05781 10.1629 11.268 12.373 13.4781 14.5832 15.6883 16.7934 17.8984 19.0035 20.1086 21.2137 22.3188 23.4238 24.5289 25.634 26.7391 27.8441 28.9492 30.0543 31.1594 32.2645 33.3695 34.4746 35.5797 36.6848 37.7898 38.8949 40
-4.27579 -3.1689 -2.062 -0.955107 0.151788 1.25868 2.36558 3.47247 4.57937 5.68626 6.79316 7.90005 9.00695 10.1138 11.2207 12.3276 13.4345 14.5414 15.6483 16.7552 17.8621 18.969 20.0759 21.1828 22.2897 23.3966 24.5035 25.6104 26.7173 27.8242 28.9311 30.0379 31.1448 32.2517 33.3586 34.4655 35.5724 36.6793 37.7862 38.8931 40
-4.34858 -3.23987 -2.13115 -1.02244 0.0862776 1.19499 2.30371 3.41242 4.52114 5.62985 6.73856 7.84728 8.95599 10.0647 11.1734 12.2821 13.3909 14.4996 15.6083 16.717 17.8257 18.9344 20.0431 21.1519 22.2606 23.3693 24.478 25.5867 26.6954 27.8041 28.9129 30.0216 31.1303 32.239 33.3477 34.4564 35.5651 36.6739 37.7826 38.8913 40
-4.42149 -3.31095 -2.20041 -1.08988 0.0206596 1.1312 2.24173 3.35227 4.46281 5.57335 6.68388 7.79442 8.90496 10.0155 11.126 12.2366 13.3471 14.4576 15.5682 16.6787 17.7893 18.8998 20.0103 21.1209 22.2314 23.3419 24.4525 25.563 26.6736 27.7841 28.8946 30.0052 31.1157 32.2262 33.3368 34.4473 35.5579 36.6684 37.7789 38.8895 40
-4.49452 -3.38216 -2.26979 -1.15743 -0.0450662 1.0673 2.17966 3.29202 4.40439 5.51675 6.62911 7.74147 8.85384 9.9662 11.0786 12.1909 13.3033 14.4157 15.528 16.6404 17.7527 18.8651 19.9775 21.0898 22.2022 23.3146 24.4269 25.5393 26.6516 27.764 28.8764 29.9887 31.1011 32.2135 33.3258 34.4382 35.5505 36.6629 37.7753 38.8876 40
-4.56767 -3.45348 -2.33928 -1.22509 -0.1109 1.00329 2.11748 3.23167 4.34587 5.46006 6.57425 7.68844 8.80263 9.91682 11.031 12.1452 13.2594 14.3736 15.4878 16.602 17.7162 18.8304 19.9445 21.0587 22.1729 23.2871 24.4013 25.5155 26.6297 27.7439 28.8581 29.9723 31.0865 32.2007 33.3148 34.429 35.5432 36.6574 37.7716 38.8858 40
-4.64094 -3.52491 -2.40889 -1.29287 -0.176842 0.939181 2.0552 3.17123 4.28725 5.40327 6.5193 7.63532 8.75134 9.86737 10.9834 12.0994 13.2154 14.3315 15.4475 16.5635 17.6795 18.7956 19.9116 21.0276 22.1436 23.2596 24.3757 25.4917 26.6077 27.7237 28.8398 29.9558 31.0718 32.1878 33.3039 34.4199 35.5359 36.6519 37.768 38.884 40
-4.71433 -3.59647 -2.47861 -1.36075 -0.242893 0.874965 1.99282 3.11068 4.22854 5.3464 6.46426 7.58211 8.69997 9.81783 10.9357 12.0535 13.1714 14.2893 15.4071 16.525 17.6428 18.7607 19.8786 20.9964 22.1143 23.2321 24.35 25.4678 26.5857 27.7036 28.8214 29.9393 31.0571 32.175 33.2929 34.4107 35.5286 36.6464 37.7643 38.8821 40
-4.78784 -3.66814 -2.54844 -1.42875 -0.309052 0.810644 1.93034 3.05004 4.16973 5.28943 6.40912 7.52882 8.64852 9.76821 10.8879 12.0076 13.1273 14.247 15.3667 16.4864 17.6061 18.7258 19.8455 20.9652 22.0849 23.2046 24.3243 25.444 26.5636 27.6833 28.803 29.9227 31.0424 32.1621 33.2818 34.4015 35.5212 36.6409 37.7606 38.8803 40
-4.86147 -3.73993 -2.61839 -1.49686 -0.37532 0.746217 1.86775 2.98929 4.11083 5.23236 6.3539 7.47544 8.59697 9.71851 10.84 11.9616 13.0831 14.2047 15.3262 16.4477 17.5693 18.6908 19.8123 20.9339 22.0554 23.177 24.2985 25.42 26.5416 27.6631 28.7846 29.9062 31.0277 32.1492 33.2708 34.3923 35.5139 36.6354 37.7569 38.8785 40
-4.93522 -3.81184 -2.68846 -1.56508 -0.441697 0.681684 1.80506 2.92844 4.05183 5.17521 6.29859 7.42197 8.54535 9.66873 10.7921 11.9155 13.0389 14.1622 15.2856 16.409 17.5324 18.6558 19.7792 20.9025 22.0259 23.1493 24.2727 25.3961 26.5194 27.6428 28.7662 29.8896 31.013 32.1363 33.2597 34.3831 35.5065 36.6299 37.7532 38.8766 40
-5.00909 -3.88386 -2.75864 -1.63341 -0.508183 0.617045 1.74227 2.8675 3.99273 5.11795 6.24318 7.36841 8.49364 9.61886 10.7441 11.8693 12.9945 14.1198 15.245 16.3702 17.4955 18.6207 19.7459 20.8711 21.9964 23.1216 24.2468 25.372 26.4973 27.6225 28.7477 29.873 30.9982 32.1234 33.2486 34.3739 35.4991 36.6243 37.7495 38.8748 40
-5.08309 -3.95601 -2.82893 -1.70186 -0.574778 0.552299 1.67938 2.80645 3.93353 5.06061 6.18768 7.31476 8.44184 9.56892 10.696 11.8231 12.9501 14.0772 15.2043 16.3314 17.4585 18.5855 19.7126 20.8397 21.9668 23.0938 24.2209 25.348 26.4751 27.6022 28.7292 29.8563 30.9834 32.1105 33.2375 34.3646 35.4917 36.6188 37.7458 38.8729 40
-5.1572 -4.02827 -2.89934 -1.77041 -0.641483 0.487447 1.61638 2.74531 3.87424 5.00317 6.1321 7.26103 8.38996 9.51889 10.6478 11.7767 12.9057 14.0346 15.1635 16.2925 17.4214 18.5503 19.6793 20.8082 21.9371 23.066 24.195 25.3239 26.4528 27.5818 28.7107 29.8396 30.9686 32.0975 33.2264 34.3553 35.4843 36.6132 37.7421 38.8711 40